1.00000000e+00 0.00000000e+00 0.00000000e+00 0.00000000e+00 0.00000000e+00 1.00000000e+00 0.00000000e+00 0.00000000e+00 0.00000000e+00 0.00000000e+00 1.00000000e+00 0.00000000e+00
9.99934705e-01 -2.11122894e-03 1.12294683e-02 5.48276033e-04 2.10672705e-03 9.99997656e-01 4.12719148e-04 3.85257707e-04 -1.12303136e-02 -3.89034789e-04 9.99936846e-01 1.52025398e-02
9.99848600e-01 -4.59635543e-03 1.67800276e-02 1.18007199e-03 4.59822023e-03 9.99989372e-01 -7.25558602e-05 6.52594042e-04 -1.67795169e-02 1.49703158e-04 9.99859159e-01 3.08312553e-02
9.99808908e-01 -7.54099705e-03 1.80327500e-02 1.73355026e-03 7.57334496e-03 9.99969757e-01 -1.72622951e-03 7.72641689e-04 -1.80191886e-02 1.86246802e-03 9.99835856e-01 4.38768826e-02
9.99836928e-01 -9.33481188e-03 1.54559848e-02 1.92238360e-03 9.38430601e-03 9.99950997e-01 -3.13285136e-03 7.63786779e-04 -1.54259846e-02 3.27738441e-03 9.99875572e-01 5.85357776e-02
9.99898351e-01 -1.19179954e-02 7.81444214e-03 2.01216052e-03 1.19509724e-02 9.99919731e-01 -4.18703687e-03 8.35371888e-04 -7.76391508e-03 4.28000192e-03 9.99960619e-01 7.40207976e-02
9.99893403e-01 -1.34965933e-02 -5.55982710e-03 1.62488127e-03 1.34611800e-02 9.99889117e-01 -6.35835697e-03 9.76950601e-04 5.64502648e-03 6.28283797e-03 9.99964245e-01 8.77442250e-02
9.99688531e-01 -1.29186062e-02 -2.13516250e-02 3.97001985e-04 1.27748902e-02 9.99894876e-01 -6.85365465e-03 1.02616091e-03 2.14379179e-02 6.57875567e-03 9.99748488e-01 1.03780880e-01
9.99171937e-01 -9.05748641e-03 -3.96655862e-02 -1.49074991e-03 8.79810025e-03 9.99938727e-01 -6.70902032e-03 1.01321251e-03 3.97239191e-02 6.35448285e-03 9.99190479e-01 1.21816493e-01
9.98265694e-01 -5.87538256e-03 -5.85748911e-02 -3.74004124e-03 5.41169356e-03 9.99952713e-01 -8.07166919e-03 1.02425826e-03 5.86195434e-02 7.74068123e-03 9.98250350e-01 1.38938391e-01
9.96969696e-01 -5.99564812e-03 -7.75593665e-02 -6.13105706e-03 5.33416182e-03 9.99947591e-01 -8.73313873e-03 1.08327720e-03 7.76076582e-02 8.29296023e-03 9.96949498e-01 1.57420377e-01
9.95179113e-01 -8.44227427e-03 -9.77100223e-02 -8.91443174e-03 7.65882544e-03 9.99935468e-01 -8.39040053e-03 1.06707257e-03 9.77745464e-02 7.60160768e-03 9.95179544e-01 1.78251099e-01
9.93110639e-01 -1.05459070e-02 -1.16704809e-01 -1.21815521e-02 9.68326528e-03 9.99921468e-01 -7.95618118e-03 1.02240593e-03 1.16779546e-01 6.77128511e-03 9.93134747e-01 2.00584158e-01
9.90948787e-01 -9.52734626e-03 -1.33902115e-01 -1.61996079e-02 8.57647676e-03 9.99933790e-01 -7.67624911e-03 9.28081992e-04 1.33966375e-01 6.45836149e-03 9.90964858e-01 2.24520640e-01
9.88799533e-01 -8.88126051e-03 -1.48985420e-01 -2.05787079e-02 7.89182977e-03 9.99942778e-01 -7.23100249e-03 7.90667450e-04 1.49041101e-01 5.97424463e-03 9.88812981e-01 2.48886443e-01
9.86765322e-01 -8.34168719e-03 -1.61940284e-01 -2.51919699e-02 7.16721188e-03 9.99943656e-01 -7.83536147e-03 6.78716825e-04 1.61996507e-01 6.57100283e-03 9.86769483e-01 2.73279885e-01
9.84674150e-01 -9.78606501e-03 -1.74129690e-01 -3.02729876e-02 8.33827166e-03 9.99924372e-01 -9.04408931e-03 5.63709960e-04 1.74205021e-01 7.45354024e-03 9.84681212e-01 3.00096172e-01
9.82726638e-01 -1.37682867e-02 -1.84550356e-01 -3.53052921e-02 1.18316082e-02 9.99862864e-01 -1.15912067e-02 6.44015733e-04 1.84684632e-01 9.20746043e-03 9.82754693e-01 3.27400465e-01
9.81046346e-01 -1.23282152e-02 -1.93380604e-01 -4.12697304e-02 9.85713066e-03 9.99857053e-01 -1.37353535e-02 5.30056567e-04 1.93522301e-01 1.15688409e-02 9.81027614e-01 3.55473198e-01
9.79437180e-01 -1.12084772e-02 -2.01437631e-01 -4.77749885e-02 8.27492346e-03 9.99847149e-01 -1.53992874e-02 3.07053384e-04 2.01579456e-01 1.34157546e-02 9.79380199e-01 3.84965189e-01
9.77551220e-01 -1.12847753e-02 -2.10395281e-01 -5.39825892e-02 7.66444615e-03 9.99808311e-01 -1.80147703e-02 -3.22598287e-05 2.10558262e-01 1.59977992e-02 9.77450275e-01 4.12737973e-01
9.75686010e-01 -1.57485868e-02 -2.18606280e-01 -6.06683485e-02 1.17485508e-02 9.99739137e-01 -1.95858058e-02 -4.41757385e-04 2.18857723e-01 1.65412919e-02 9.75616410e-01 4.43533562e-01
9.73662579e-01 -2.33794691e-02 -2.26791781e-01 -6.73761503e-02 1.91220225e-02 9.99597561e-01 -2.09516517e-02 -8.75164428e-04 2.27190380e-01 1.60631229e-02 9.73717727e-01 4.74935622e-01
9.71600547e-01 -2.40789731e-02 -2.35398471e-01 -7.54576430e-02 1.91681443e-02 9.99548672e-01 -2.31281251e-02 -1.39101538e-03 2.35849154e-01 1.79591486e-02 9.71623567e-01 5.07397407e-01
9.69501454e-01 -1.87286308e-02 -2.44368594e-01 -8.40513144e-02 1.25404391e-02 9.99560573e-01 -2.68546280e-02 -2.08007654e-03 2.44764201e-01 2.29711125e-02 9.69310313e-01 5.38513962e-01
9.67190515e-01 -1.45460604e-02 -2.53635186e-01 -9.35295562e-02 7.33192351e-03 9.99541764e-01 -2.93651241e-02 -2.95117940e-03 2.53946145e-01 2.65420365e-02 9.66853954e-01 5.72084169e-01
9.64715418e-01 -1.73652306e-02 -2.62721349e-01 -1.03312225e-01 9.64580878e-03 9.99483684e-01 -3.06439004e-02 -4.02616533e-03 2.63117879e-01 2.70284819e-02 9.64384882e-01 6.08001338e-01
9.62389991e-01 -1.97591741e-02 -2.70952088e-01 -1.13483869e-01 1.13322127e-02 9.99403127e-01 -3.26307685e-02 -5.05489055e-03 2.71435152e-01 2.83330363e-02 9.62039506e-01 6.44157097e-01
9.60178958e-01 -1.92584293e-02 -2.78720969e-01 -1.24693168e-01 9.96416308e-03 9.99347149e-01 -3.47246141e-02 -6.26810443e-03 2.79207773e-01 3.05646223e-02 9.59744029e-01 6.81838156e-01
9.57813548e-01 -1.77764142e-02 -2.86839932e-01 -1.36091267e-01 7.25574130e-03 9.99262685e-01 -3.76992909e-02 -7.58205071e-03 2.87298632e-01 3.40276541e-02 9.57236336e-01 7.18585921e-01
9.55488983e-01 -1.81036588e-02 -2.94470598e-01 -1.47564989e-01 5.84010358e-03 9.99080458e-01 -4.24723535e-02 -9.08890553e-03 2.94968748e-01 3.88621267e-02 9.54716174e-01 7.55072542e-01
9.53770230e-01 -1.86924097e-02 -2.99954780e-01 -1.59156808e-01 3.94551903e-03 9.98756617e-01 -4.96943273e-02 -1.08141846e-02 3.00510733e-01 4.62134921e-02 9.52658117e-01 7.91203528e-01
9.52600716e-01 -1.79943594e-02 -3.03690596e-01 -1.70600122e-01 4.38000607e-04 9.98329233e-01 -5.77793873e-02 -1.28131783e-02 3.04222898e-01 5.49076701e-02 9.51017059e-01 8.26122454e-01
9.51645255e-01 -1.65743530e-02 -3.06751471e-01 -1.81876921e-01 -3.99206800e-03 9.97791890e-01 -6.62972819e-02 -1.50566465e-02 3.07172953e-01 6.43160691e-02 9.49477792e-01 8.59860781e-01
9.50680674e-01 -1.38467418e-02 -3.09861840e-01 -1.93530001e-01 -9.93039070e-03 9.97132068e-01 -7.50258960e-02 -1.76715808e-02 3.10012044e-01 7.44027226e-02 9.47816742e-01 8.93980700e-01
9.49473366e-01 -1.17835023e-02 -3.13626071e-01 -2.06175105e-01 -1.46709766e-02 9.96536067e-01 -8.18566795e-02 -2.08117460e-02 3.13504240e-01 8.23219416e-02 9.46011649e-01 9.30624289e-01
9.47876662e-01 -9.59782661e-03 -3.18492665e-01 -2.19533159e-01 -1.95033703e-02 9.95924477e-01 -8.80569842e-02 -2.43089938e-02 3.18039761e-01 8.96788444e-02 9.43826442e-01 9.68721672e-01
9.46233477e-01 -8.26725147e-03 -3.23378609e-01 -2.33269173e-01 -2.32742473e-02 9.95342585e-01 -9.35486163e-02 -2.81524479e-02 3.22645881e-01 9.60452292e-02 9.41634126e-01 1.00760294e+00
9.44538736e-01 -5.60755268e-03 -3.28352047e-01 -2.47717429e-01 -2.84038452e-02 9.94712351e-01 -9.86941837e-02 -3.23628554e-02 3.27169238e-01 1.02546939e-01 9.39385120e-01 1.04739563e+00
9.42707046e-01 -2.70717449e-03 -3.33610574e-01 -2.63060427e-01 -3.31038202e-02 9.94273186e-01 -1.01612129e-01 -3.69130206e-02 3.31975078e-01 1.06834256e-01 9.37218759e-01 1.08879275e+00
9.40967767e-01 -1.74992354e-03 -3.38491656e-01 -2.78710780e-01 -3.52671311e-02 9.94037604e-01 -1.03177514e-01 -4.16253749e-02 3.36653927e-01 1.09024342e-01 9.35295626e-01 1.13100119e+00
9.38608075e-01 -2.67214928e-03 -3.44974912e-01 -2.94932573e-01 -3.48716676e-02 9.94113448e-01 -1.02579209e-01 -4.64772663e-02 3.43218248e-01 1.08311524e-01 9.32989765e-01 1.17438942e+00
9.36247572e-01 -3.00242860e-03 -3.51328029e-01 -3.12082033e-01 -3.48463282e-02 9.94239550e-01 -1.01358066e-01 -5.14176726e-02 3.49608494e-01 1.07138733e-01 9.30749818e-01 1.21908566e+00
9.33558117e-01 -3.67591690e-03 -3.58407017e-01 -3.29151510e-01 -3.43588770e-02 9.94424641e-01 -9.96951434e-02 -5.62189194e-02 3.56775179e-01 1.05385675e-01 9.28226997e-01 1.26273792e+00
9.30227323e-01 -2.99962197e-03 -3.66971401e-01 -3.46836851e-01 -3.49562544e-02 9.94695630e-01 -9.67404577e-02 -6.09377887e-02 3.65314970e-01 1.02818565e-01 9.25188276e-01 1.30636250e+00
9.26973282e-01 -1.48236732e-03 -3.75124265e-01 -3.65325108e-01 -3.50531917e-02 9.95274523e-01 -9.05532992e-02 -6.55758667e-02 3.73485816e-01 9.70897942e-02 9.22541001e-01 1.35098452e+00
9.23435678e-01 1.24044827e-03 -3.83751032e-01 -3.84434775e-01 -3.65667549e-02 9.95729098e-01 -8.47734555e-02 -7.00933803e-02 3.82006850e-01 9.23153734e-02 9.19537163e-01 1.39559677e+00
9.19749584e-01 5.12699001e-03 -3.92471962e-01 -4.04984124e-01 -3.97462812e-02 9.95991469e-01 -8.01336028e-02 -7.45581740e-02 3.90487812e-01 8.93021641e-02 9.16266508e-01 1.44195234e+00
9.15622471e-01 6.50905505e-03 -4.01986233e-01 -4.24870286e-01 -4.15488374e-02 9.96047230e-01 -7.85094732e-02 -7.86375881e-02 3.99886193e-01 8.85871136e-02 9.12273673e-01 1.48618488e+00
9.11485378e-01 6.88052692e-03 -4.11274813e-01 -4.44476920e-01 -4.26277887e-02 9.96056582e-01 -7.78098139e-02 -8.25915974e-02 4.09117534e-01 8.84542535e-02 9.08184281e-01 1.52879916e+00
9.07513947e-01 7.05061834e-03 -4.19962600e-01 -4.65487764e-01 -4.32162419e-02 9.96120072e-01 -7.66641778e-02 -8.66551544e-02 4.17792546e-01 8.77230292e-02 9.04297550e-01 1.57343858e+00
9.03553178e-01 7.49388451e-03 -4.28410268e-01 -4.87807990e-01 -4.37637812e-02 9.96232224e-01 -7.48751007e-02 -9.07887359e-02 4.26234916e-01 8.64024994e-02 9.00476767e-01 1.61964297e+00
8.99711167e-01 5.76880767e-03 -4.36447444e-01 -5.10697186e-01 -4.15342738e-02 9.96507029e-01 -7.24490455e-02 -9.49284828e-02 4.34504900e-01 8.33107574e-02 8.96808114e-01 1.66687926e+00
8.96097415e-01 6.14111333e-03 -4.43814784e-01 -5.34080443e-01 -4.07059155e-02 9.96827615e-01 -6.83952945e-02 -9.88930437e-02 4.41986713e-01 7.93547446e-02 8.93504664e-01 1.71378172e+00
8.92567431e-01 7.39562322e-03 -4.50853172e-01 -5.58306695e-01 -3.97494171e-02 9.97263575e-01 -6.23343912e-02 -1.02674970e-01 4.49158336e-01 7.35588077e-02 8.90418976e-01 1.76114249e+00
8.88798575e-01 6.76538250e-03 -4.58247990e-01 -5.84114940e-01 -3.76581976e-02 9.97587966e-01 -5.83123079e-02 -1.06354745e-01 4.56748062e-01 6.90846978e-02 8.86909577e-01 1.81100707e+00
8.84924148e-01 4.72560451e-03 -4.65711045e-01 -6.10562130e-01 -3.49880485e-02 9.97797443e-01 -5.63580836e-02 -1.09906255e-01 4.64418873e-01 6.61669585e-02 8.83140466e-01 1.86121376e+00
8.81447814e-01 4.08824918e-03 -4.72263558e-01 -6.36510364e-01 -3.42536917e-02 9.97882487e-01 -5.52938298e-02 -1.13199717e-01 4.71037360e-01 6.49154064e-02 8.79721462e-01 1.90919781e+00
8.77981403e-01 3.43738329e-03 -4.78682177e-01 -6.63354354e-01 -3.30013714e-02 9.98029801e-01 -5.33631546e-02 -1.16505928e-01 4.77555527e-01 6.26490399e-02 8.76365123e-01 1.95794962e+00
8.74798725e-01 1.52213799e-03 -4.84483926e-01 -6.90399694e-01 -3.07686450e-02 9.98151082e-01 -5.24208546e-02 -1.19720555e-01 4.83508213e-01 6.07646241e-02 8.73228228e-01 2.00659614e+00
8.72148063e-01 -6.88219435e-04 -4.89241377e-01 -7.17251816e-01 -2.87235517e-02 9.98202176e-01 -5.26083572e-02 -1.22897969e-01 4.88397865e-01 5.99350394e-02 8.70560400e-01 2.05441397e+00
8.70182577e-01 -2.04671174e-03 -4.92724940e-01 -7.44979745e-01 -2.77662188e-02 9.98198770e-01 -5.31832616e-02 -1.26153928e-01 4.91946132e-01 5.99602705e-02 8.68558476e-01 2.10314317e+00
8.69077159e-01 -2.24944625e-03 -4.94671184e-01 -7.72744017e-01 -2.77459661e-02 9.98193860e-01 -5.32854630e-02 -1.29408263e-01 4.93897467e-01 6.00343232e-02 8.67445214e-01 2.15142687e+00
8.69006318e-01 -2.13267723e-03 -4.94796161e-01 -8.01375016e-01 -2.74979742e-02 9.98237260e-01 -5.25971021e-02 -1.32683929e-01 4.94035999e-01 5.93131218e-02 8.67415939e-01 2.20108915e+00
8.69401713e-01 -1.49143747e-03 -4.94103394e-01 -8.29484390e-01 -2.74340469e-02 9.98307285e-01 -5.12850822e-02 -1.35885167e-01 4.93343368e-01 5.81426122e-02 8.67889245e-01 2.25011571e+00
8.69362203e-01 -2.64648228e-03 -4.94168022e-01 -8.57190450e-01 -2.60007166e-02 9.98355694e-01 -5.10882594e-02 -1.39066584e-01 4.93490542e-01 5.72629431e-02 8.67864032e-01 2.29857616e+00
8.69019583e-01 -4.52131396e-03 -4.94756762e-01 -8.85674885e-01 -2.44353412e-02 9.98345950e-01 -5.20430229e-02 -1.42346404e-01 4.94173589e-01 5.73159746e-02 8.67471793e-01 2.34842907e+00
8.68227158e-01 -6.27324017e-03 -4.96127002e-01 -9.14172519e-01 -2.28349980e-02 9.98355450e-01 -5.25851260e-02 -1.45584067e-01 4.95640843e-01 5.69849119e-02 8.66656141e-01 2.39819359e+00
8.66956664e-01 -6.63891470e-03 -4.98339123e-01 -9.43131959e-01 -2.15244209e-02 9.98479695e-01 -5.07477170e-02 -1.48838548e-01 4.97918254e-01 5.47225507e-02 8.65495750e-01 2.44830784e+00
8.65308947e-01 -6.63327703e-03 -5.01194792e-01 -9.73247137e-01 -1.95198111e-02 9.98708173e-01 -4.69186518e-02 -1.52051393e-01 5.00858412e-01 5.03823794e-02 8.64061600e-01 2.50008498e+00
8.62855432e-01 -7.31734852e-03 -5.05397572e-01 -1.00406742e+00 -1.67223541e-02 9.98934764e-01 -4.30127424e-02 -1.55156208e-01 5.05173801e-01 4.55652414e-02 8.61813879e-01 2.55237583e+00
8.58698450e-01 -7.56013843e-03 -5.12425125e-01 -1.03529288e+00 -1.58553364e-02 9.99020808e-01 -4.13088586e-02 -1.58046679e-01 5.12235505e-01 4.35965530e-02 8.57737740e-01 2.60421265e+00
8.52810861e-01 -1.11630267e-02 -5.22100349e-01 -1.06669105e+00 -1.35937029e-02 9.98958420e-01 -4.35630151e-02 -1.61122913e-01 5.22042661e-01 4.42483161e-02 8.51770805e-01 2.65598878e+00
8.46148605e-01 -1.46612202e-02 -5.32745123e-01 -1.09819916e+00 -1.21180889e-02 9.98834009e-01 -4.67349948e-02 -1.64373207e-01 5.32808961e-01 4.60006270e-02 8.44984363e-01 2.70651231e+00
8.39856808e-01 -1.45446416e-02 -5.42612928e-01 -1.13043899e+00 -1.25152604e-02 9.98856537e-01 -4.61453240e-02 -1.67617415e-01 5.42663439e-01 4.55464293e-02 8.38714479e-01 2.75614602e+00
8.34164405e-01 -1.21429533e-02 -5.51382027e-01 -1.16549975e+00 -1.24487865e-02 9.99088585e-01 -4.08359906e-02 -1.70979881e-01 5.51375128e-01 4.09279909e-02 8.33252944e-01 2.80869967e+00
8.29252397e-01 -7.34715749e-03 -5.58825856e-01 -1.20253500e+00 -1.54018129e-02 9.99233617e-01 -3.59924803e-02 -1.74034682e-01 5.58661804e-01 3.84538033e-02 8.28503718e-01 2.86236973e+00
8.24920253e-01 -7.12872082e-03 -5.65204081e-01 -1.23805807e+00 -1.70341370e-02 9.99153071e-01 -3.74634616e-02 -1.76804480e-01 5.64992200e-01 4.05321516e-02 8.24100208e-01 2.91346544e+00
8.20968947e-01 -8.91167821e-03 -5.70903210e-01 -1.27285881e+00 -1.80069549e-02 9.98977007e-01 -4.14881658e-02 -1.79691842e-01 5.70688617e-01 4.43407436e-02 8.19968675e-01 2.96313883e+00
8.17504462e-01 -1.15607676e-02 -5.75806122e-01 -1.30472072e+00 -1.97117953e-02 9.98651381e-01 -4.80364315e-02 -1.82666751e-01 5.75584609e-01 5.06201906e-02 8.16174103e-01 3.00793687e+00
8.14006636e-01 -1.28050298e-02 -5.80714329e-01 -1.33953579e+00 -1.95565954e-02 9.98586304e-01 -4.94324614e-02 -1.85951034e-01 5.80526071e-01 5.15951678e-02 8.12605453e-01 3.05643836e+00
8.10784152e-01 -1.07997426e-02 -5.85245502e-01 -1.37656801e+00 -1.93952940e-02 9.98785431e-01 -4.53007026e-02 -1.89343783e-01 5.85023644e-01 4.80801248e-02 8.09589886e-01 3.10691406e+00
8.08006588e-01 -8.31068050e-03 -5.89114741e-01 -1.41403506e+00 -1.89139589e-02 9.99019583e-01 -4.00348930e-02 -1.92543288e-01 5.88869620e-01 4.34909732e-02 8.07057163e-01 3.15755188e+00
8.05157690e-01 -7.62483223e-03 -5.93011728e-01 -1.45076239e+00 -1.79726009e-02 9.99144723e-01 -3.72490064e-02 -1.95341504e-01 5.92788304e-01 4.06493097e-02 8.04331934e-01 3.20686966e+00
8.02121574e-01 -7.51872963e-03 -5.97113403e-01 -1.48874021e+00 -1.86510379e-02 9.99117819e-01 -3.76352391e-02 -1.98164324e-01 5.96869354e-01 4.13248440e-02 8.01273642e-01 3.25732670e+00
7.98578281e-01 -8.79078223e-03 -6.01826756e-01 -1.52670102e+00 -1.85118664e-02 9.99061895e-01 -3.91569815e-02 -2.01024246e-01 6.01606169e-01 4.24108714e-02 7.97666327e-01 3.30743877e+00
7.94580818e-01 -1.13567942e-02 -6.07052217e-01 -1.56519838e+00 -1.75319777e-02 9.98979303e-01 -4.16369217e-02 -2.04017419e-01 6.06905214e-01 4.37267434e-02 7.93570620e-01 3.35791227e+00
7.90351553e-01 -1.25462390e-02 -6.12525144e-01 -1.60364051e+00 -1.66014501e-02 9.98984870e-01 -4.18831730e-02 -2.07070391e-01 6.12428587e-01 4.32712534e-02 7.89340942e-01 3.40730411e+00
7.86088144e-01 -1.30008356e-02 -6.17977713e-01 -1.64279130e+00 -1.55844481e-02 9.99044347e-01 -4.08415602e-02 -2.10175749e-01 6.17917895e-01 4.17359235e-02 7.85134316e-01 3.45668125e+00
7.81316617e-01 -1.25744787e-02 -6.24008230e-01 -1.68235867e+00 -1.58495515e-02 9.99075140e-01 -3.99776460e-02 -2.13197471e-01 6.23933562e-01 4.11254660e-02 7.80394723e-01 3.50563248e+00
7.75660718e-01 -1.37516160e-02 -6.31000336e-01 -1.72245992e+00 -1.55869538e-02 9.99040569e-01 -4.09328224e-02 -2.16250486e-01 6.30957588e-01 4.15853695e-02 7.74702222e-01 3.55471485e+00
7.70229395e-01 -1.49546141e-02 -6.37591659e-01 -1.76195182e+00 -1.49717082e-02 9.99025809e-01 -4.15182801e-02 -2.19350836e-01 6.37591198e-01 4.15244498e-02 7.69255182e-01 3.60224886e+00
7.64918646e-01 -1.61807861e-02 -6.43923641e-01 -1.80264000e+00 -1.44408460e-02 9.99002579e-01 -4.22577030e-02 -2.22502368e-01 6.43964945e-01 4.16225224e-02 7.63922113e-01 3.65033251e+00
7.59503812e-01 -1.74716663e-02 -6.50268200e-01 -1.84488081e+00 -1.39989781e-02 9.98968900e-01 -4.31913245e-02 -2.25855254e-01 6.50352162e-01 4.19070789e-02 7.58476214e-01 3.69948863e+00
7.53870314e-01 -1.93377304e-02 -6.56738643e-01 -1.88664905e+00 -1.28338551e-02 9.98942843e-01 -4.41459725e-02 -2.29140437e-01 6.56897851e-01 4.17088405e-02 7.52825284e-01 3.74744540e+00
7.48477207e-01 -2.07330343e-02 -6.62836408e-01 -1.92894502e+00 -1.13460895e-02 9.98964712e-01 -4.40589475e-02 -2.32464241e-01 6.63063458e-01 4.04977324e-02 7.47467155e-01 3.79513597e+00
7.43492240e-01 -1.97031801e-02 -6.68454335e-01 -1.97298959e+00 -1.12434022e-02 9.99056520e-01 -4.19534818e-02 -2.35791450e-01 6.68650107e-01 3.87078016e-02 7.42569274e-01 3.84365837e+00
7.38179817e-01 -1.98393345e-02 -6.74312305e-01 -2.01779712e+00 -1.04578043e-02 9.99111023e-01 -4.08437656e-02 -2.39103180e-01 6.74522984e-01 3.72018814e-02 7.37316186e-01 3.89251580e+00
7.32620536e-01 -2.12239367e-02 -6.80306420e-01 -2.06216428e+00 -9.31851521e-03 9.99107477e-01 -4.12048831e-02 -2.42285379e-01 6.80573546e-01 3.65270014e-02 7.31768975e-01 3.94025310e+00
7.26998531e-01 -2.24075500e-02 -6.86273356e-01 -2.10591878e+00 -9.29916775e-03 9.99054612e-01 -4.24712161e-02 -2.45470209e-01 6.86576036e-01 3.72582963e-02 7.26102970e-01 3.98635812e+00
7.21906709e-01 -2.08514792e-02 -6.91676247e-01 -2.15174310e+00 -1.10437227e-02 9.99071645e-01 -4.16447399e-02 -2.48906813e-01 6.91902258e-01 3.77023098e-02 7.21006372e-01 4.03343951e+00
7.17533685e-01 -1.92131083e-02 -6.96258822e-01 -2.19760391e+00 -1.23887833e-02 9.99109522e-01 -4.03375656e-02 -2.52172188e-01 6.96413589e-01 3.75693753e-02 7.16656830e-01 4.07995400e+00
7.13375869e-01 -1.82079915e-02 -7.00545099e-01 -2.24559061e+00 -1.32984661e-02 9.99130900e-01 -3.95106443e-02 -2.55499620e-01 7.00655403e-01 3.75021292e-02 7.12513839e-01 4.12831086e+00
7.09318347e-01 -1.91342059e-02 -7.04628640e-01 -2.29258398e+00 -1.27691086e-02 9.99118964e-01 -3.99852152e-02 -2.58695454e-01 7.04772621e-01 3.73597397e-02 7.08449175e-01 4.17546186e+00
7.04625817e-01 -2.07506855e-02 -7.09275703e-01 -2.34101026e+00 -1.31902581e-02 9.99016851e-01 -4.23312096e-02 -2.62175033e-01 7.09456457e-01 3.91832066e-02 7.03659465e-01 4.22340871e+00
7.00048970e-01 -2.30558995e-02 -7.13722615e-01 -2.38921289e+00 -1.26143370e-02 9.98923697e-01 -4.46416499e-02 -2.65699139e-01 7.13983375e-01 4.02544944e-02 6.99004792e-01 4.27067263e+00
6.95729849e-01 -2.35525077e-02 -7.17917397e-01 -2.44070374e+00 -1.26530314e-02 9.98905632e-01 -4.50328191e-02 -2.69515676e-01 7.18192043e-01 4.04145220e-02 6.94670615e-01 4.32042355e+00
6.91650322e-01 -2.33292057e-02 -7.21855744e-01 -2.49180957e+00 -1.14968088e-02 9.98996157e-01 -4.33016937e-02 -2.73307121e-01 7.22141007e-01 3.82486826e-02 6.90687931e-01 4.36936971e+00
6.87861536e-01 -2.37199750e-02 -7.25454304e-01 -2.54230721e+00 -1.01321145e-02 9.99054985e-01 -4.22729155e-02 -2.76902551e-01 7.25771147e-01 3.64283156e-02 6.86971306e-01 4.41725468e+00
6.83662934e-01 -2.52095506e-02 -7.29362402e-01 -2.59373059e+00 -8.51698811e-03 9.99059817e-01 -4.25146872e-02 -2.80586673e-01 7.29748117e-01 3.52777062e-02 6.82805600e-01 4.46567894e+00
6.80041204e-01 -2.61738857e-02 -7.32706607e-01 -2.64391259e+00 -7.31557006e-03 9.99070882e-01 -4.24787654e-02 -2.84131930e-01 7.33137344e-01 3.42474964e-02 6.79218010e-01 4.51243647e+00
6.76565066e-01 -2.62769683e-02 -7.35913953e-01 -2.69482663e+00 -6.73421018e-03 9.99100855e-01 -4.18656146e-02 -2.87711938e-01 7.36352020e-01 3.32806300e-02 6.75779913e-01 4.55920835e+00
6.73502799e-01 -2.69025048e-02 -7.38695025e-01 -2.74495842e+00 -5.81551654e-03 9.99113999e-01 -4.16889946e-02 -2.91147760e-01 7.39161756e-01 3.23735663e-02 6.72749755e-01 4.60484607e+00
6.70320970e-01 -2.99820846e-02 -7.41465444e-01 -2.79662871e+00 -2.61362064e-03 9.99082164e-01 -4.27620036e-02 -2.94719390e-01 7.42066670e-01 3.06021963e-02 6.69627488e-01 4.65183296e+00
6.66791122e-01 -3.52368776e-02 -7.44411227e-01 -2.84836032e+00 1.53152524e-03 9.98944515e-01 -4.59134625e-02 -2.98373520e-01 7.45243046e-01 2.94746253e-02 6.66141455e-01 4.69876297e+00
6.62875022e-01 -3.89159387e-02 -7.47718088e-01 -2.89944879e+00 5.11548029e-03 9.98860621e-01 -4.74519719e-02 -3.02168443e-01 7.48712521e-01 2.76298108e-02 6.62319040e-01 4.74449748e+00
6.57199296e-01 -4.28002737e-02 -7.52500741e-01 -2.95173416e+00 1.01974568e-02 9.98800122e-01 -4.79031857e-02 -3.06003600e-01 7.53647860e-01 2.38083672e-02 6.56847386e-01 4.79106509e+00
6.49791072e-01 -4.69605895e-02 -7.58660953e-01 -3.00286434e+00 1.52625458e-02 9.98694777e-01 -4.87462233e-02 -3.09804419e-01 7.59959635e-01 2.00957851e-02 6.49659888e-01 4.83598436e+00
6.42113278e-01 -4.86159934e-02 -7.65066770e-01 -3.05625013e+00 1.89182899e-02 9.98688277e-01 -4.75835112e-02 -3.13783971e-01 7.66376324e-01 1.60802722e-02 6.42190928e-01 4.88159898e+00
6.34662831e-01 -4.74994185e-02 -7.71328092e-01 -3.11240294e+00 1.96995117e-02 9.98779545e-01 -4.52970924e-02 -3.17836275e-01 7.72538043e-01 1.35536177e-02 6.34824140e-01 4.92804115e+00
6.26601676e-01 -4.71992359e-02 -7.77909180e-01 -3.16843459e+00 1.89793906e-02 9.98792758e-01 -4.53134580e-02 -3.21815110e-01 7.79108581e-01 1.36292701e-02 6.26741165e-01 4.97337457e+00
6.17669158e-01 -4.85897995e-02 -7.84935596e-01 -3.22406941e+00 1.87708503e-02 9.98716257e-01 -4.70526037e-02 -3.25891334e-01 7.86214032e-01 1.43290580e-02 6.17788429e-01 5.01759443e+00
6.08132226e-01 -5.06190273e-02 -7.92220322e-01 -3.27821916e+00 1.91622386e-02 9.98610436e-01 -4.90968627e-02 -3.29938174e-01 7.93604508e-01 1.46766936e-02 6.08257284e-01 5.05969082e+00
5.98535824e-01 -5.18608086e-02 -7.99415676e-01 -3.33120481e+00 1.89894217e-02 9.98540653e-01 -5.05610500e-02 -3.33965161e-01 8.00870965e-01 1.50821830e-02 5.98647323e-01 5.09974791e+00
5.89217276e-01 -5.23784555e-02 -8.06275150e-01 -3.38428625e+00 2.11858580e-02 9.98555212e-01 -4.93872676e-02 -3.37905973e-01 8.07696867e-01 1.20182251e-02 5.89475826e-01 5.13906416e+00
5.79813427e-01 -5.20733483e-02 -8.13083616e-01 -3.43774793e+00 2.16410098e-02 9.98587941e-01 -4.85215654e-02 -3.41884549e-01 8.14461904e-01 1.05375289e-02 5.80121763e-01 5.17783498e+00
5.69824445e-01 -5.20351749e-02 -8.20117434e-01 -3.49438503e+00 2.08137894e-02 9.98587168e-01 -4.88972331e-02 -3.45981235e-01 8.21502864e-01 1.07931116e-02 5.70102608e-01 5.21738276e+00
5.59490797e-01 -5.23690278e-02 -8.27180556e-01 -3.55195558e+00 1.92523686e-02 9.98553976e-01 -5.01967818e-02 -3.50227391e-01 8.28612957e-01 1.21594767e-02 5.59690197e-01 5.25646087e+00
5.49360459e-01 -5.22231395e-02 -8.33952018e-01 -3.61108705e+00 1.70846044e-02 9.98538600e-01 -5.12754196e-02 -3.54598550e-01 8.35410830e-01 1.39209716e-02 5.49450052e-01 5.29530884e+00
5.39351500e-01 -5.31630134e-02 -8.40400948e-01 -3.66949330e+00 1.60434545e-02 9.98472929e-01 -5.28661821e-02 -3.58960222e-01 8.41927940e-01 1.50305447e-02 5.39380973e-01 5.33288339e+00
5.30419510e-01 -5.28183806e-02 -8.46088323e-01 -3.72730270e+00 1.49622960e-02 9.98485147e-01 -5.29520338e-02 -3.63288137e-01 8.47603290e-01 1.54273922e-02 5.30406489e-01 5.36916991e+00
5.22749910e-01 -5.05073004e-02 -8.50988659e-01 -3.78871872e+00 1.40406057e-02 9.98618251e-01 -5.06444011e-02 -3.67694825e-01 8.52370550e-01 1.45259827e-02 5.22736941e-01 5.40681857e+00
5.15889630e-01 -4.91742514e-02 -8.55242644e-01 -3.85211476e+00 1.51107812e-02 9.98718368e-01 -4.83088133e-02 -3.72039863e-01 8.56521876e-01 1.19986540e-02 5.15971701e-01 5.44512360e+00
5.09079417e-01 -4.98515050e-02 -8.59274780e-01 -3.91371267e+00 1.58027736e-02 9.98694623e-01 -4.85776918e-02 -3.76249225e-01 8.60574582e-01 1.11510012e-02 5.09202842e-01 5.48156341e+00
5.02603932e-01 -5.30429037e-02 -8.62888150e-01 -3.97433464e+00 1.71177863e-02 9.98531202e-01 -5.14105386e-02 -3.80461075e-01 8.64347445e-01 1.10684279e-02 5.02773824e-01 5.51701954e+00
4.97060445e-01 -5.66970633e-02 -8.65861762e-01 -4.03622652e+00 1.93810845e-02 9.98339821e-01 -5.42458216e-02 -3.84941468e-01 8.67499576e-01 1.01821373e-02 4.97334233e-01 5.55283446e+00
4.91873833e-01 -5.96081911e-02 -8.68623733e-01 -4.09792924e+00 2.02687909e-02 9.98167508e-01 -5.70204229e-02 -3.89655041e-01 8.70430640e-01 1.04409269e-02 4.92180837e-01 5.58779975e+00
4.87110676e-01 -6.30503824e-02 -8.71061462e-01 -4.15750958e+00 2.19902637e-02 9.97960141e-01 -5.99384713e-02 -3.94408577e-01 8.73063509e-01 1.00418246e-02 4.87503668e-01 5.62123978e+00
4.83156075e-01 -6.36995581e-02 -8.73214045e-01 -4.21766263e+00 2.39492276e-02 9.97938529e-01 -5.95467275e-02 -3.99290301e-01 8.75206791e-01 7.85758865e-03 4.83685726e-01 5.65455333e+00
4.79827837e-01 -6.09914685e-02 -8.75240239e-01 -4.28130946e+00 2.58932457e-02 9.98130938e-01 -5.53598754e-02 -4.04362739e-01 8.76980657e-01 3.90042567e-03 4.80510418e-01 5.68941017e+00
4.76668902e-01 -5.94383571e-02 -8.77071258e-01 -4.34528739e+00 2.95810383e-02 9.98231285e-01 -5.15726483e-02 -4.09076300e-01 8.78585205e-01 -1.36157411e-03 4.77584222e-01 5.72441131e+00
4.73983422e-01 -5.93079048e-02 -8.78534229e-01 -4.40764073e+00 3.18871467e-02 9.98231021e-01 -5.01847604e-02 -4.13483316e-01 8.79956353e-01 -4.22717849e-03 4.75036260e-01 5.75819004e+00
4.71761418e-01 -5.95159042e-02 -8.79715419e-01 -4.47081137e+00 3.42799872e-02 9.98203288e-01 -4.91488667e-02 -4.17851809e-01 8.81059786e-01 -6.97006714e-03 4.72954150e-01 5.79220732e+00
4.69665562e-01 -5.91401433e-02 -8.80861432e-01 -4.53280330e+00 3.70367885e-02 9.98195527e-01 -4.72702516e-02 -4.22088032e-01 8.82067357e-01 -1.04230420e-02 4.71008570e-01 5.82555100e+00
4.67950157e-01 -5.90986789e-02 -8.81776717e-01 -4.59465330e+00 3.97537396e-02 9.98159480e-01 -4.58020225e-02 -4.26118119e-01 8.82860460e-01 -1.36208309e-02 4.69438422e-01 5.85871377e+00
4.66444295e-01 -6.04823649e-02 -8.82480512e-01 -4.65761149e+00 4.21588223e-02 9.98046225e-01 -4.61193992e-02 -4.30017428e-01 8.83545538e-01 -1.56921803e-02 4.68082954e-01 5.89229620e+00
4.64764609e-01 -6.15592264e-02 -8.83291885e-01 -4.71967073e+00 4.50802697e-02 9.97931929e-01 -4.58288137e-02 -4.33895774e-01 8.84286158e-01 -1.85193972e-02 4.66578659e-01 5.92535609e+00
4.63360440e-01 -6.13755167e-02 -8.84042093e-01 -4.78136563e+00 4.81442565e-02 9.97869183e-01 -4.40438428e-02 -4.37684534e-01 8.84861350e-01 -2.21533454e-02 4.65328108e-01 5.95804092e+00
4.62263738e-01 -6.10425299e-02 -8.84639070e-01 -4.84549243e+00 4.99163857e-02 9.97837533e-01 -4.27699929e-02 -4.41515210e-01 8.85336618e-01 -2.43869397e-02 4.64311253e-01 5.99168629e+00
4.61074547e-01 -6.27645432e-02 -8.85139037e-01 -4.90933234e+00 5.21964607e-02 9.97686854e-01 -4.35557754e-02 -4.45322451e-01 8.85825147e-01 -2.61186354e-02 4.63284212e-01 6.02528725e+00
4.59808962e-01 -6.41759067e-02 -8.85696036e-01 -4.97191104e+00 5.30904881e-02 9.97588116e-01 -4.47215041e-02 -4.49084176e-01 8.86429701e-01 -2.64586546e-02 4.62107178e-01 6.05803097e+00
4.58677948e-01 -6.58404384e-02 -8.86160134e-01 -5.03515538e+00 5.32337937e-02 9.97496378e-01 -4.65586854e-02 -4.53063918e-01 8.87006830e-01 -2.58181924e-02 4.61034639e-01 6.09095826e+00
4.58491797e-01 -6.67265828e-02 -8.86190222e-01 -5.09819531e+00 5.22789820e-02 9.97475757e-01 -4.80581780e-02 -4.57140448e-01 8.87159837e-01 -2.42948102e-02 4.60822987e-01 6.12370508e+00
4.60732467e-01 -6.66074300e-02 -8.85036361e-01 -5.16187594e+00 5.01807376e-02 9.97540090e-01 -4.89513352e-02 -4.61382179e-01 8.86119556e-01 -2.18582759e-02 4.62941669e-01 6.15671378e+00
4.63733432e-01 -6.77063558e-02 -8.83384069e-01 -5.22383000e+00 4.95405703e-02 9.97497570e-01 -5.04461592e-02 -4.65558561e-01 8.84588796e-01 -2.03697483e-02 4.65927360e-01 6.18923989e+00
4.67661183e-01 -6.89081512e-02 -8.81217913e-01 -5.28552834e+00 4.89502370e-02 9.97445955e-01 -5.20189823e-02 -4.69816577e-01 8.82551581e-01 -1.88085339e-02 4.69839980e-01 6.22184336e+00
4.72081049e-01 -6.96980311e-02 -8.78795735e-01 -5.34659651e+00 4.91232023e-02 9.97400812e-01 -5.27161977e-02 -4.74188677e-01 8.80185652e-01 -1.82829096e-02 4.74277970e-01 6.25451438e+00
4.77717334e-01 -6.94830502e-02 -8.75761698e-01 -5.40598649e+00 4.90437492e-02 9.97422256e-01 -5.23828872e-02 -4.78440617e-01 8.77143788e-01 -1.79263902e-02 4.79893792e-01 6.28659171e+00
4.84338139e-01 -6.92154589e-02 -8.72138792e-01 -5.46546100e+00 4.88992385e-02 9.97449123e-01 -5.20045319e-02 -4.82675639e-01 8.73513446e-01 -1.74591110e-02 4.86487441e-01 6.31933217e+00
4.91375528e-01 -6.97356634e-02 -8.68151716e-01 -5.52304575e+00 4.94009352e-02 9.97416407e-01 -5.21580767e-02 -4.86863469e-01 8.69545852e-01 -1.72582696e-02 4.93551229e-01 6.35170890e+00
4.99288026e-01 -7.00771367e-02 -8.63597777e-01 -5.58189610e+00 4.98059672e-02 9.97397275e-01 -5.21391618e-02 -4.91132606e-01 8.65003597e-01 -1.69798279e-02 5.01478985e-01 6.38544243e+00
5.07548551e-01 -7.13351103e-02 -8.58665361e-01 -5.63919493e+00 5.00814267e-02 9.97324643e-01 -5.32518912e-02 -4.95362515e-01 8.60166651e-01 -1.59752299e-02 5.09763475e-01 6.41896447e+00
5.16840266e-01 -7.25642179e-02 -8.53001195e-01 -5.69523208e+00 4.80485511e-02 9.97289477e-01 -5.57257793e-02 -4.99628196e-01 8.54732628e-01 -1.21841079e-02 5.18926200e-01 6.45223279e+00
5.27319501e-01 -7.35619086e-02 -8.46477017e-01 -5.75210612e+00 4.71942577e-02 9.97243190e-01 -5.72640575e-02 -5.04128390e-01 8.48355643e-01 -9.75236298e-03 5.29337688e-01 6.48690912e+00
5.38060834e-01 -7.25013923e-02 -8.39782484e-01 -5.80845983e+00 4.61521878e-02 9.97333652e-01 -5.65330239e-02 -5.08626467e-01 8.41641818e-01 -8.33955605e-03 5.39972483e-01 6.52224604e+00
5.48713025e-01 -7.07102246e-02 -8.33015382e-01 -5.86377303e+00 4.57683961e-02 9.97463315e-01 -5.45214330e-02 -5.12932111e-01 8.34757293e-01 -8.20912113e-03 5.50557608e-01 6.55784068e+00
5.59396416e-01 -6.88724228e-02 -8.26034394e-01 -5.92089916e+00 4.64788687e-02 9.97580709e-01 -5.16997133e-02 -5.17215168e-01 8.27596428e-01 -9.47247376e-03 5.61244386e-01 6.59582943e+00
5.70859700e-01 -6.86172915e-02 -8.18175666e-01 -5.97643027e+00 4.70425274e-02 9.97598326e-01 -5.08422210e-02 -5.21345011e-01 8.19699129e-01 -9.46524018e-03 5.72716821e-01 6.63370646e+00
5.82472650e-01 -6.91544419e-02 -8.09903632e-01 -6.03162937e+00 4.76423389e-02 9.97566185e-01 -5.09144926e-02 -5.25510535e-01 8.11453208e-01 -8.92936727e-03 5.84349915e-01 6.67257530e+00
5.94780159e-01 -6.95766682e-02 -8.00872189e-01 -6.08638579e+00 4.75602556e-02 9.97548175e-01 -5.13418305e-02 -5.29820699e-01 8.02480566e-01 -7.55254701e-03 5.96631176e-01 6.71235517e+00
6.07732465e-01 -7.02792336e-02 -7.91026348e-01 -6.13846611e+00 4.86479680e-02 9.97500563e-01 -5.12482087e-02 -5.33909459e-01 7.92650693e-01 -7.33658743e-03 6.09632611e-01 6.75161926e+00
6.21321967e-01 -7.02826134e-02 -7.80397358e-01 -6.18768869e+00 4.91557574e-02 9.97503720e-01 -5.06994000e-02 -5.37866282e-01 7.82012306e-01 -6.86033493e-03 6.23225971e-01 6.79007204e+00
6.36113446e-01 -6.82441738e-02 -7.68572132e-01 -6.23296081e+00 4.85048852e-02 9.97647862e-01 -4.84393199e-02 -5.41420755e-01 7.70069842e-01 -6.46656327e-03 6.37927580e-01 6.82691756e+00
6.49292821e-01 -6.60810981e-02 -7.57662716e-01 -6.27826759e+00 4.94320012e-02 9.97778579e-01 -4.46617326e-02 -5.44748300e-01 7.58930755e-01 -8.45420553e-03 6.51117181e-01 6.86539382e+00
6.62969337e-01 -6.44478120e-02 -7.45867756e-01 -6.32291078e+00 4.79312713e-02 9.97897802e-01 -4.36209149e-02 -5.48064643e-01 7.47110913e-01 -6.83102522e-03 6.64664927e-01 6.90413259e+00
6.76662375e-01 -6.37420366e-02 -7.33529556e-01 -6.36406727e+00 4.56947652e-02 9.97960899e-01 -4.45683425e-02 -5.51268852e-01 7.34874476e-01 -3.36070494e-03 6.78195476e-01 6.94102598e+00
6.89661780e-01 -6.31311578e-02 -7.21374856e-01 -6.40010142e+00 4.36046425e-02 9.98005413e-01 -4.56528823e-02 -5.54214698e-01 7.22817866e-01 2.97903899e-05 6.91039209e-01 6.97456909e+00
7.01418230e-01 -6.25947413e-02 -7.09996471e-01 -6.43878411e+00 4.31968386e-02 9.98038561e-01 -4.53142801e-02 -5.57301411e-01 7.11440037e-01 1.11469398e-03 7.02746552e-01 7.01209356e+00
7.13046654e-01 -6.06394234e-02 -6.98489733e-01 -6.47777155e+00 4.26696959e-02 9.98159435e-01 -4.30964000e-02 -5.60407395e-01 6.99817181e-01 9.25433414e-04 7.14321982e-01 7.05139339e+00
7.24335305e-01 -5.86679471e-02 -6.86947649e-01 -6.51664266e+00 4.21257485e-02 9.98277450e-01 -4.08383264e-02 -5.63416270e-01 6.88159993e-01 6.42490881e-04 7.25559309e-01 7.09186554e+00
7.35109104e-01 -5.82101125e-02 -6.75445617e-01 -6.55340844e+00 4.24201047e-02 9.98304257e-01 -3.98671096e-02 -5.66313559e-01 6.76620627e-01 6.54234553e-04 7.36332100e-01 7.13138637e+00
7.45806460e-01 -5.72533459e-02 -6.63698203e-01 -6.58888480e+00 4.09732787e-02 9.98356109e-01 -4.00802042e-02 -5.69159168e-01 6.64901632e-01 2.69821655e-03 7.46926592e-01 7.17041943e+00
7.55668800e-01 -5.58763900e-02 -6.52566512e-01 -6.62340069e+00 3.96051668e-02 9.98429317e-01 -3.96286191e-02 -5.71975685e-01 6.53755600e-01 4.10113753e-03 7.56695199e-01 7.20954088e+00
7.64513938e-01 -5.29509849e-02 -6.42429179e-01 -6.65810474e+00 3.80812821e-02 9.98589893e-01 -3.69888573e-02 -5.74596735e-01 6.43481650e-01 3.81400089e-03 7.65452609e-01 7.25023428e+00
7.73554866e-01 -4.98639207e-02 -6.31765052e-01 -6.69300358e+00 3.61280297e-02 9.98748317e-01 -3.45928746e-02 -5.77100564e-01 6.32698992e-01 3.93508933e-03 7.74388392e-01 7.29231677e+00
7.82366521e-01 -4.80074642e-02 -6.20965844e-01 -6.72550398e+00 3.43534120e-02 9.98833396e-01 -3.39383813e-02 -5.79517812e-01 6.21870505e-01 5.21998656e-03 7.83103274e-01 7.33243407e+00
7.91475307e-01 -4.61469249e-02 -6.09457131e-01 -6.75798296e+00 3.22010725e-02 9.98909199e-01 -3.38174923e-02 -5.81940204e-01 6.10352700e-01 7.14056480e-03 7.92098179e-01 7.37362535e+00
8.01009298e-01 -4.27161880e-02 -5.97126567e-01 -6.79008246e+00 2.86188855e-02 9.99043088e-01 -3.30773955e-02 -5.84387648e-01 5.97967871e-01 9.40623213e-03 8.01465459e-01 7.41543548e+00
8.11305306e-01 -3.91990049e-02 -5.83307739e-01 -6.82142472e+00 2.64960953e-02 9.99189923e-01 -3.02943037e-02 -5.86643569e-01 5.84022461e-01 9.12257772e-03 8.11686859e-01 7.45803960e+00
8.21458702e-01 -3.45887392e-02 -5.69218803e-01 -6.85128701e+00 2.34045964e-02 9.99362923e-01 -2.69507375e-02 -5.88717054e-01 5.69788070e-01 8.81660597e-03 8.21745025e-01 7.50009331e+00
8.32338813e-01 -3.18975866e-02 -5.53349333e-01 -6.87941806e+00 2.07061932e-02 9.99435444e-01 -2.64662495e-02 -5.90609460e-01 5.53880857e-01 1.05711522e-02 8.32529462e-01 7.54117638e+00
8.42991252e-01 -3.08692704e-02 -5.37041546e-01 -6.90504956e+00 1.89164801e-02 9.99435934e-01 -2.77548409e-02 -5.92441158e-01 5.37595098e-01 1.32381757e-02 8.43099808e-01 7.58020549e+00
8.53241173e-01 -3.14218780e-02 -5.20569767e-01 -6.92889696e+00 1.85136394e-02 9.99379260e-01 -2.99783901e-02 -5.94298895e-01 5.21188288e-01 1.59411799e-02 8.53293406e-01 7.61813652e+00
8.62998956e-01 -2.99758968e-02 -5.04316370e-01 -6.95261930e+00 1.74365825e-02 9.99410941e-01 -2.95658777e-02 -5.96195096e-01 5.04905245e-01 1.67217911e-02 8.63013371e-01 7.65768340e+00
8.72692953e-01 -2.74876890e-02 -4.87495806e-01 -6.97498866e+00 1.59054225e-02 9.99484827e-01 -2.78834130e-02 -5.98015048e-01 4.88010794e-01 1.65798542e-02 8.72680674e-01 7.69650786e+00
8.81834269e-01 -2.40630843e-02 -4.70945860e-01 -6.99660811e+00 1.38525625e-02 9.99588268e-01 -2.51357566e-02 -5.99736152e-01 4.71356483e-01 1.56417868e-02 8.81804603e-01 7.73575526e+00
8.90803599e-01 -2.20952407e-02 -4.53851788e-01 -7.01852709e+00 1.30054957e-02 9.99647849e-01 -2.31401197e-02 -6.01423037e-01 4.54202921e-01 1.47107566e-02 8.90777332e-01 7.77751833e+00
8.99567139e-01 -2.02628320e-02 -4.36313105e-01 -7.03972572e+00 1.25631817e-02 9.99710591e-01 -2.05256516e-02 -6.02985671e-01 4.36602430e-01 1.29827419e-02 8.99561413e-01 7.81997327e+00
9.07450845e-01 -1.91510531e-02 -4.19722457e-01 -7.05951499e+00 1.24659164e-02 9.99748275e-01 -1.86649393e-02 -6.04409717e-01 4.19973960e-01 1.17053110e-02 9.07461172e-01 7.86157913e+00
9.14177104e-01 -1.92261849e-02 -4.04859591e-01 -7.07862050e+00 1.32689976e-02 9.99758701e-01 -1.75157039e-02 -6.05765879e-01 4.05098383e-01 1.06403959e-02 9.14211659e-01 7.90396665e+00
9.20438032e-01 -1.89459737e-02 -3.90430040e-01 -7.09618161e+00 1.31572767e-02 9.99760485e-01 -1.74962167e-02 -6.07091926e-01 3.90667747e-01 1.09672078e-02 9.20466907e-01 7.94443871e+00
9.26714122e-01 -1.76870157e-02 -3.75351609e-01 -7.11336161e+00 1.18423764e-02 9.99770243e-01 -1.78726451e-02 -6.08497195e-01 3.75581212e-01 1.21177974e-02 9.26710775e-01 7.98553804e+00
9.32932256e-01 -1.48089441e-02 -3.59748157e-01 -7.13013141e+00 9.16508446e-03 9.99806896e-01 -1.73892532e-02 -6.09879222e-01 3.59935922e-01 1.29258928e-02 9.32887960e-01 8.02713821e+00
9.38751666e-01 -1.31447563e-02 -3.44344582e-01 -7.14594090e+00 7.58555805e-03 9.99818385e-01 -1.74868015e-02 -6.11228578e-01 3.44511636e-01 1.38037367e-02 9.38681037e-01 8.06856929e+00
9.43932104e-01 -1.33506852e-02 -3.29870580e-01 -7.16061310e+00 7.77146185e-03 9.99803731e-01 -1.82265549e-02 -6.12460123e-01 3.30048911e-01 1.46410723e-02 9.43850749e-01 8.10943753e+00
9.48434689e-01 -1.44159012e-02 -3.16645741e-01 -7.17489581e+00 8.49052877e-03 9.99762314e-01 -2.00850140e-02 -6.13798591e-01 3.16859743e-01 1.63608529e-02 9.48331777e-01 8.15120192e+00
9.52235656e-01 -1.43419644e-02 -3.05028179e-01 -7.18840058e+00 8.22749222e-03 9.99738883e-01 -2.13218955e-02 -6.15097984e-01 3.05254050e-01 1.77938716e-02 9.52105151e-01 8.19231769e+00
9.55006265e-01 -1.26783121e-02 -2.96315480e-01 -7.20090870e+00 6.68912191e-03 9.99752567e-01 -2.12175632e-02 -6.16306252e-01 2.96510885e-01 1.82808350e-02 9.54854933e-01 8.23133886e+00
9.57389002e-01 -9.74244796e-03 -2.88638028e-01 -7.21359120e+00 4.66360485e-03 9.99822100e-01 -1.82786097e-02 -6.17425565e-01 2.88764468e-01 1.61536642e-02 9.57264341e-01 8.27251650e+00
9.59796688e-01 -3.59021933e-03 -2.80674162e-01 -7.22655887e+00 -3.76653186e-04 9.99900838e-01 -1.40784074e-02 -6.18491059e-01 2.80696591e-01 1.36181401e-02 9.59700406e-01 8.31466758e+00
9.62098281e-01 2.34075897e-04 -2.72703768e-01 -7.23852546e+00 -3.61329608e-03 9.99922763e-01 -1.18896763e-02 -6.19301119e-01 2.72679648e-01 1.24244097e-02 9.62025100e-01 8.35517292e+00
9.64207860e-01 4.66663135e-03 -2.65107355e-01 -7.25038632e+00 -7.65423235e-03 9.99918267e-01 -1.02377123e-02 -6.20067266e-01 2.65037623e-01 1.19004869e-02 9.64165107e-01 8.39608077e+00
9.66321941e-01 7.54209913e-03 -2.57226434e-01 -7.26159991e+00 -1.00677347e-02 9.99913108e-01 -8.50340802e-03 -6.20737262e-01 2.57139655e-01 1.08067271e-02 9.66314300e-01 8.43670351e+00
9.68372803e-01 9.79774228e-03 -2.49315937e-01 -7.27265626e+00 -1.16668959e-02 9.99913727e-01 -6.02079635e-03 -6.21320948e-01 2.49235138e-01 8.73912699e-03 9.68404023e-01 8.47854791e+00
9.70487833e-01 1.00214182e-02 -2.40942493e-01 -7.28350855e+00 -1.14661560e-02 9.99923633e-01 -4.59522496e-03 -6.21894419e-01 2.40877725e-01 7.22230146e-03 9.70529103e-01 8.52170683e+00
