1.00000000e+00 0.00000000e+00 0.00000000e+00 0.00000000e+00 0.00000000e+00 1.00000000e+00 0.00000000e+00 0.00000000e+00 0.00000000e+00 0.00000000e+00 1.00000000e+00 0.00000000e+00
9.99859956e-01 1.66149155e-03 1.66515840e-02 3.01150264e-04 -1.63416415e-03 9.99997274e-01 -1.65459958e-03 4.40357104e-04 -1.66542876e-02 1.62715652e-03 9.99859979e-01 3.20856347e-03
9.99253597e-01 4.79865143e-03 3.83291457e-02 6.89854941e-04 -4.72950684e-03 9.99986963e-01 -1.89443394e-03 8.64538538e-04 -3.83377393e-02 1.71174210e-03 9.99263343e-01 8.32064914e-03
9.97902732e-01 5.96838369e-03 6.44551730e-02 1.66215556e-03 -5.90171264e-03 9.99981846e-01 -1.22471968e-03 1.30275304e-03 -6.44613117e-02 8.41755364e-04 9.97919839e-01 1.44141578e-02
9.95245393e-01 5.49285828e-03 9.72439079e-02 3.07719717e-03 -5.56647220e-03 9.99984393e-01 4.85726061e-04 1.65136985e-03 -9.72397224e-02 -1.02472198e-03 9.95260421e-01 2.06169897e-02
9.90990480e-01 2.91123149e-03 1.33900671e-01 5.14858440e-03 -3.19556116e-03 9.99993079e-01 1.90857793e-03 2.00901550e-03 -1.33894188e-01 -2.31927008e-03 9.90992898e-01 2.83358808e-02
9.85103983e-01 8.14396608e-04 1.71957802e-01 7.61869903e-03 -1.18577401e-03 9.99997131e-01 2.05699782e-03 2.42215646e-03 -1.71955643e-01 -2.23025943e-03 9.85102154e-01 3.72321319e-02
9.76768571e-01 5.98419663e-04 2.14295983e-01 1.04731479e-02 -1.20113025e-03 9.99995636e-01 2.68231660e-03 2.88475138e-03 -2.14293449e-01 -2.87739962e-03 9.76765067e-01 4.61264544e-02
9.65877447e-01 -7.72491562e-05 2.58999315e-01 1.41507518e-02 -1.18446523e-03 9.99988085e-01 4.71544448e-03 3.30297464e-03 -2.58996621e-01 -4.86131714e-03 9.65865920e-01 5.53347308e-02
9.53203677e-01 -2.70249965e-03 3.02316588e-01 1.81222655e-02 -4.10683098e-04 9.99947453e-01 1.02337184e-02 3.42473294e-03 -3.02328376e-01 -9.87897475e-03 9.53152591e-01 6.28984178e-02
9.38416116e-01 -8.59209885e-03 3.45400136e-01 2.22833672e-02 3.24110764e-03 9.99865597e-01 1.60666886e-02 3.67967152e-03 -3.45491781e-01 -1.39577618e-02 9.38317898e-01 6.88544587e-02
9.19977553e-01 -1.32185824e-02 3.91747944e-01 2.79848043e-02 6.11541203e-03 9.99793542e-01 1.93742211e-02 4.07905017e-03 -3.91923177e-01 -1.54281499e-02 9.19868512e-01 7.74365322e-02
8.98251462e-01 -1.36402024e-02 4.39269941e-01 3.41848477e-02 3.98989452e-03 9.99730085e-01 2.28847700e-02 4.24742383e-03 -4.39463543e-01 -1.88036396e-02 8.98063517e-01 8.64534348e-02
8.73705927e-01 -1.33535393e-02 4.86271025e-01 4.08703613e-02 1.70753249e-04 9.99631426e-01 2.71441829e-02 4.33393118e-03 -4.86454311e-01 -2.36330025e-02 8.73386268e-01 9.55603924e-02
8.46033680e-01 -1.49676269e-02 5.32919176e-01 4.85156747e-02 -1.67344178e-03 9.99526253e-01 3.07294714e-02 4.61815834e-03 -5.33126692e-01 -2.68899787e-02 8.45607925e-01 1.04879758e-01
8.14992711e-01 -1.73226775e-02 5.79212123e-01 5.73135139e-02 -2.20194074e-03 9.99453249e-01 3.29892457e-02 5.09225311e-03 -5.79466909e-01 -2.81613885e-02 8.14509022e-01 1.14282086e-01
7.81356810e-01 -1.88334135e-02 6.23800154e-01 6.74018198e-02 -3.24412751e-03 9.99408423e-01 3.42370740e-02 5.75842080e-03 -6.24075942e-01 -2.87750627e-02 7.80833571e-01 1.24235828e-01
7.44655221e-01 -1.93820241e-02 6.67167674e-01 7.82739490e-02 -4.54568428e-03 9.99407746e-01 3.41076368e-02 6.50199498e-03 -6.67433641e-01 -2.84311678e-02 7.44126222e-01 1.33888110e-01
7.05613752e-01 -1.96208274e-02 7.08324737e-01 8.90686940e-02 -6.05524061e-03 9.99412993e-01 3.37161331e-02 7.26129690e-03 -7.08570525e-01 -2.80796498e-02 7.05080913e-01 1.42441968e-01
6.65199375e-01 -1.87495571e-02 7.46430118e-01 1.00798425e-01 -9.85018864e-03 9.99377207e-01 3.38815648e-02 8.06425310e-03 -7.46600525e-01 -2.98904796e-02 6.64600597e-01 1.51189627e-01
6.23424002e-01 -1.85380293e-02 7.81663915e-01 1.14031646e-01 -1.17273032e-02 9.99384603e-01 3.30547480e-02 8.80805347e-03 -7.81795719e-01 -2.97739400e-02 6.22823137e-01 1.60158912e-01
5.82184328e-01 -1.90396898e-02 8.12833615e-01 1.30682729e-01 -1.25245154e-02 9.99397026e-01 3.23802856e-02 9.56517324e-03 -8.12960086e-01 -2.90316502e-02 5.81594987e-01 1.70907084e-01
5.42474061e-01 -2.04842842e-02 8.39822488e-01 1.48388644e-01 -1.26413215e-02 9.99390285e-01 3.25418545e-02 1.03852237e-02 -8.39977161e-01 -2.82695871e-02 5.41884515e-01 1.81530538e-01
5.03496492e-01 -1.96559579e-02 8.63773346e-01 1.65544642e-01 -1.36249172e-02 9.99436090e-01 3.06850954e-02 1.10875205e-02 -8.63889561e-01 -2.72186883e-02 5.02944892e-01 1.90650498e-01
4.65260614e-01 -1.81777349e-02 8.84986734e-01 1.82915140e-01 -1.30550212e-02 9.99539261e-01 2.73940186e-02 1.17892741e-02 -8.85077173e-01 -2.42988882e-02 4.64809093e-01 1.98840087e-01
4.30077635e-01 -1.61174449e-02 9.02647666e-01 2.02548259e-01 -1.03482387e-02 9.99686717e-01 2.27806904e-02 1.24876231e-02 -9.02732310e-01 -1.91382874e-02 4.29776253e-01 2.07227585e-01
3.98062523e-01 -1.36419689e-02 9.17256523e-01 2.26309345e-01 -7.16344151e-03 9.99812491e-01 1.79785101e-02 1.31052289e-02 -9.17330058e-01 -1.37272904e-02 3.97890298e-01 2.16924598e-01
3.70542486e-01 -1.10483007e-02 9.28749504e-01 2.50831940e-01 -5.31662969e-03 9.99887423e-01 1.40157182e-02 1.35912348e-02 -9.28800087e-01 -1.01312406e-02 3.70442152e-01 2.26554976e-01
3.49066431e-01 -1.01080095e-02 9.37043159e-01 2.78271822e-01 -3.58725459e-03 9.99919898e-01 1.21225863e-02 1.40120046e-02 -9.37090860e-01 -7.59300459e-03 3.49002326e-01 2.36635390e-01
3.33428293e-01 -1.03846175e-02 9.42717991e-01 3.08086085e-01 -1.65774836e-03 9.99931153e-01 1.16011785e-02 1.43904002e-02 -9.42773779e-01 -5.43095393e-03 3.33388233e-01 2.46958572e-01
3.21095653e-01 -1.13583470e-02 9.46978370e-01 3.41364152e-01 -4.29445720e-04 9.99926014e-01 1.21390284e-02 1.47090141e-02 -9.47046468e-01 -4.30446816e-03 3.21067128e-01 2.58057651e-01
3.09398886e-01 -1.24060757e-02 9.50851182e-01 3.77721967e-01 -1.84417803e-03 9.99904994e-01 1.36461751e-02 1.50488269e-02 -9.50930357e-01 -5.97565367e-03 3.09346727e-01 2.70026781e-01
2.98339759e-01 -1.33877923e-02 9.54365577e-01 4.14538655e-01 -2.59045298e-03 9.99886377e-01 1.48361427e-02 1.54891730e-02 -9.54456026e-01 -6.89845412e-03 2.98271287e-01 2.81602042e-01
2.87820637e-01 -1.45521529e-02 9.57573513e-01 4.53354987e-01 -2.73444222e-03 9.99867761e-01 1.60167920e-02 1.59365811e-02 -9.57680260e-01 -7.22839623e-03 2.87742888e-01 2.93316056e-01
2.77376741e-01 -1.57203391e-02 9.60632349e-01 4.93490793e-01 -3.46712775e-03 9.99843044e-01 1.73631144e-02 1.64129277e-02 -9.60754821e-01 -8.14676313e-03 2.77278786e-01 3.05018929e-01
2.67128140e-01 -1.67343100e-02 9.63515427e-01 5.35891827e-01 -3.40964135e-03 9.99826307e-01 1.83102541e-02 1.69895684e-02 -9.63654792e-01 -8.17643030e-03 2.67024783e-01 3.16859146e-01
2.57475200e-01 -1.74857694e-02 9.66126391e-01 5.78552420e-01 -3.35283459e-03 9.99813793e-01 1.89890106e-02 1.75956405e-02 -9.66278870e-01 -8.12846533e-03 2.57368741e-01 3.28359231e-01
2.47748447e-01 -1.96544617e-02 9.68624769e-01 6.22709484e-01 -4.71843218e-03 9.99757606e-01 2.14930309e-02 1.82512431e-02 -9.68812738e-01 -9.89525934e-03 2.47595758e-01 3.39856946e-01
2.37029341e-01 -2.22281342e-02 9.71247886e-01 6.67843095e-01 -6.30559873e-03 9.99681655e-01 2.44177319e-02 1.90665731e-02 -9.71481818e-01 -1.19120235e-02 2.36813832e-01 3.51080628e-01
2.25564570e-01 -2.52676787e-02 9.73900201e-01 7.14315075e-01 -6.99058354e-03 9.99595592e-01 2.75534270e-02 1.99881106e-02 -9.74202890e-01 -1.30232140e-02 2.25296825e-01 3.61982551e-01
2.13280705e-01 -2.67638169e-02 9.76624006e-01 7.61263312e-01 -7.57833266e-03 9.99548988e-01 2.90470633e-02 2.09990868e-02 -9.76961292e-01 -1.35963665e-02 2.12981806e-01 3.72482578e-01
1.99769631e-01 -2.69229308e-02 9.79472657e-01 8.08063522e-01 -7.65758348e-03 9.99548692e-01 2.90365782e-02 2.20369583e-02 -9.79812718e-01 -1.33010264e-02 1.99473418e-01 3.82281027e-01
1.86017049e-01 -2.52934500e-02 9.82220586e-01 8.53707930e-01 -8.36435280e-03 9.99591269e-01 2.73248446e-02 2.30432687e-02 -9.82510674e-01 -1.32985326e-02 1.85729555e-01 3.91252882e-01
1.70156737e-01 -2.39579085e-02 9.85125420e-01 9.00143814e-01 -7.39017607e-03 9.99644913e-01 2.55874944e-02 2.39449687e-02 -9.85389084e-01 -1.16341398e-02 1.69919355e-01 3.99498836e-01
1.50782144e-01 -2.19740889e-02 9.88322433e-01 9.46364996e-01 -8.94221151e-03 9.99681353e-01 2.35908974e-02 2.47144860e-02 -9.88526319e-01 -1.23948804e-02 1.50537684e-01 4.07045224e-01
1.27737259e-01 -1.99524068e-02 9.91607006e-01 9.91662434e-01 -1.24633856e-02 9.99686032e-01 2.17204822e-02 2.52744733e-02 -9.91729480e-01 -1.51333021e-02 1.27448555e-01 4.13567612e-01
9.98280322e-02 -1.87322371e-02 9.94828026e-01 1.03563381e+00 -1.53517528e-02 9.99674398e-01 2.03639958e-02 2.57431976e-02 -9.94886041e-01 -1.73052591e-02 9.95080151e-02 4.18509843e-01
6.94515695e-02 -1.80121953e-02 9.97422374e-01 1.08139805e+00 -1.75483471e-02 9.99659843e-01 1.92745124e-02 2.61951856e-02 -9.97430728e-01 -1.88417674e-02 6.91119073e-02 4.22223492e-01
3.74955209e-02 -1.68706272e-02 9.99154060e-01 1.12523355e+00 -1.87766644e-02 9.99668648e-01 1.75839562e-02 2.65948366e-02 -9.99120139e-01 -1.94201076e-02 3.71663567e-02 4.24195326e-01
4.78579372e-03 -1.54999404e-02 9.99868080e-01 1.16895767e+00 -1.97932615e-02 9.99682068e-01 1.55917992e-02 2.68548146e-02 -9.99792425e-01 -1.98652767e-02 4.47749456e-03 4.24768127e-01
-2.69254022e-02 -1.37841924e-02 9.99542067e-01 1.21233579e+00 -2.25811856e-02 9.99657717e-01 1.31775047e-02 2.70349765e-02 -9.99382199e-01 -2.22160427e-02 -2.72274501e-02 4.24204889e-01
-5.99653286e-02 -1.13451708e-02 9.98135619e-01 1.25794154e+00 -2.59572773e-02 9.99614497e-01 9.80254027e-03 2.70655318e-02 -9.97862721e-01 -2.53210796e-02 -6.02367232e-02 4.22243676e-01
-9.42361742e-02 -7.97248892e-03 9.95517561e-01 1.30115852e+00 -2.51222097e-02 9.99668030e-01 5.62765113e-03 2.69694723e-02 -9.95232647e-01 -2.44792813e-02 -9.44052246e-02 4.18311021e-01
-1.28322907e-01 -3.82794197e-03 9.91724681e-01 1.34734647e+00 -2.06418805e-02 9.99785685e-01 1.18813232e-03 2.65378999e-02 -9.91517399e-01 -2.03186029e-02 -1.28374496e-01 4.12110144e-01
-1.59845780e-01 5.05758705e-04 9.87141511e-01 1.39357849e+00 -1.63102382e-02 9.99861506e-01 -3.15335430e-03 2.58865568e-02 -9.87007061e-01 -1.66045661e-02 -1.59815487e-01 4.04311593e-01
-1.91306878e-01 4.74644418e-03 9.81518475e-01 1.44057308e+00 -1.12711224e-02 9.99911274e-01 -7.03222811e-03 2.50555240e-02 -9.81465390e-01 -1.24081275e-02 -1.91236519e-01 3.94872894e-01
-2.21247886e-01 9.89290796e-03 9.75167094e-01 1.48604058e+00 -2.94409500e-03 9.99936770e-01 -1.08121491e-02 2.41553810e-02 -9.75213008e-01 -5.26314435e-03 -2.21204891e-01 3.84023614e-01
-2.46481094e-01 2.01663116e-02 9.68937476e-01 1.52827293e+00 3.62624540e-03 9.99795262e-01 -1.98860883e-02 2.31982934e-02 -9.69140687e-01 -1.38793180e-03 -2.46503891e-01 3.72733174e-01
-2.59111979e-01 3.84035711e-02 9.65083197e-01 1.55544884e+00 1.40183100e-02 9.99253036e-01 -3.59995593e-02 2.28031461e-02 -9.65745424e-01 4.20092948e-03 -2.59456931e-01 3.64412629e-01
-2.68227762e-01 5.83821573e-02 9.61584565e-01 1.57346609e+00 2.37653133e-02 9.98258768e-01 -5.39796322e-02 2.27063182e-02 -9.63062189e-01 8.37353637e-03 -2.69148346e-01 3.58441802e-01
-2.79754980e-01 7.68105861e-02 9.56993588e-01 1.59287469e+00 3.09394641e-02 9.96997514e-01 -7.09769621e-02 2.21039429e-02 -9.59572580e-01 9.75272397e-03 -2.81291687e-01 3.51901702e-01
-2.99839789e-01 8.96229700e-02 9.49770087e-01 1.62696375e+00 3.81708281e-02 9.95906654e-01 -8.19261253e-02 1.93257472e-02 -9.53225394e-01 1.16888136e-02 -3.02033635e-01 3.40182227e-01
-3.21457368e-01 9.41382667e-02 9.42232749e-01 1.67028158e+00 4.21644739e-02 9.95481648e-01 -8.50732863e-02 1.51377467e-02 -9.45984622e-01 1.23813289e-02 -3.23974415e-01 3.25365226e-01
-3.42294320e-01 9.40820939e-02 9.34870380e-01 1.71524546e+00 4.68830047e-02 9.95444591e-01 -8.30122933e-02 1.07596955e-02 -9.38422189e-01 1.54149122e-02 -3.45146114e-01 3.08824934e-01
-3.60613552e-01 8.93516988e-02 9.28425329e-01 1.76026286e+00 4.99853804e-02 9.95821280e-01 -7.64228637e-02 6.48181191e-03 -9.31374727e-01 1.88485923e-02 -3.63573175e-01 2.91074163e-01
-3.77938934e-01 8.78224071e-02 9.21655485e-01 1.80452681e+00 5.83115497e-02 9.95771904e-01 -7.09732390e-02 2.60139606e-03 -9.23992157e-01 2.69196347e-02 -3.81462263e-01 2.72304934e-01
-3.92548223e-01 8.86652338e-02 9.15447367e-01 1.84901754e+00 6.10746977e-02 9.95657970e-01 -7.02448591e-02 -1.31537509e-03 -9.17701160e-01 2.83362025e-02 -3.96259183e-01 2.53157877e-01
-4.03995231e-01 9.30339812e-02 9.10017631e-01 1.89063204e+00 6.55979997e-02 9.95199667e-01 -7.26206822e-02 -4.98929227e-03 -9.12405827e-01 3.03569527e-02 -4.08158998e-01 2.34118695e-01
-4.14599088e-01 9.60484060e-02 9.04920902e-01 1.93104430e+00 6.68988113e-02 9.94940173e-01 -7.49526478e-02 -8.70069949e-03 -9.07541620e-01 2.94628596e-02 -4.18927034e-01 2.15303980e-01
-4.26479386e-01 9.66734796e-02 8.99315922e-01 1.96827712e+00 6.09705756e-02 9.95082649e-01 -7.80542066e-02 -1.23728567e-02 -9.02439777e-01 2.15433227e-02 -4.30276698e-01 1.98108819e-01
-4.38348666e-01 9.60310876e-02 8.93659863e-01 2.01108175e+00 6.15754851e-02 9.95148081e-01 -7.67334484e-02 -1.66051888e-02 -8.96693050e-01 2.13915593e-02 -4.42135247e-01 1.77156951e-01
-4.47091545e-01 9.77625344e-02 8.89129429e-01 2.05323450e+00 6.46051797e-02 9.94942309e-01 -7.69107752e-02 -2.07176839e-02 -8.92151789e-01 2.30562344e-02 -4.51146526e-01 1.55633901e-01
-4.54136281e-01 1.01398796e-01 8.85142930e-01 2.09475894e+00 6.88573944e-02 9.94524952e-01 -7.86008322e-02 -2.47098163e-02 -8.88267099e-01 2.52531721e-02 -4.58632164e-01 1.33855293e-01
-4.57192196e-01 1.04773953e-01 8.83174519e-01 2.13718784e+00 7.06675860e-02 9.94176043e-01 -8.13599824e-02 -2.88416744e-02 -8.86555695e-01 2.52146874e-02 -4.61933874e-01 1.11579007e-01
-4.56672911e-01 1.07467834e-01 8.83119475e-01 2.18079795e+00 7.12997988e-02 9.93904609e-01 -8.40792966e-02 -3.33262930e-02 -8.86772690e-01 2.45695291e-02 -4.61551961e-01 8.87903513e-02
-4.51821443e-01 1.08325106e-01 8.85506962e-01 2.22609865e+00 7.46119511e-02 9.93711048e-01 -8.34917697e-02 -3.79809637e-02 -8.88982632e-01 2.83460571e-02 -4.57062487e-01 6.51847095e-02
-4.44007853e-01 1.07650481e-01 8.89532411e-01 2.27370671e+00 7.29758247e-02 9.93802959e-01 -8.38434737e-02 -4.30253594e-02 -8.93046037e-01 2.76872284e-02 -4.49112362e-01 4.16260222e-02
-4.34714673e-01 1.06933060e-01 8.94196862e-01 2.32064808e+00 7.16205968e-02 9.93885316e-01 -8.40358960e-02 -4.79154083e-02 -8.97715623e-01 2.75113032e-02 -4.39715294e-01 1.90043091e-02
-4.25468695e-01 1.06945051e-01 8.98631593e-01 2.36855097e+00 7.07871104e-02 9.93883053e-01 -8.47657038e-02 -5.29812117e-02 -9.02200262e-01 2.75464066e-02 -4.30436609e-01 -3.56213744e-03
-4.17101893e-01 1.06199678e-01 9.02633492e-01 2.41682795e+00 6.90213423e-02 9.93982693e-01 -8.50529862e-02 -5.81199700e-02 -9.06234965e-01 2.68252396e-02 -4.21922253e-01 -2.57948162e-02
-4.11477306e-01 1.04821638e-01 9.05371961e-01 2.46821507e+00 6.60570207e-02 9.94181574e-01 -8.50818771e-02 -6.35503686e-02 -9.09022887e-01 2.47969377e-02 -4.16007522e-01 -4.90481447e-02
-4.09203987e-01 1.03149177e-01 9.06593506e-01 2.52237705e+00 6.31824294e-02 9.94407611e-01 -8.46220382e-02 -6.92534479e-02 -9.10252574e-01 2.26531300e-02 -4.13432933e-01 -7.32582761e-02
-4.09071968e-01 1.01478923e-01 9.06841554e-01 2.57706315e+00 6.06900132e-02 9.94621874e-01 -8.39248582e-02 -7.50618708e-02 -9.10481496e-01 2.07049421e-02 -4.13030851e-01 -9.75739735e-02
-4.08816179e-01 1.01254644e-01 9.06981972e-01 2.63397715e+00 6.03946999e-02 9.94648779e-01 -8.38191434e-02 -8.11575919e-02 -9.10616048e-01 2.05103046e-02 -4.12743904e-01 -1.23117056e-01
-4.07946812e-01 1.00996235e-01 9.07402155e-01 2.68934886e+00 5.98261884e-02 9.94683534e-01 -8.38144011e-02 -8.71241941e-02 -9.11043386e-01 2.00946159e-02 -4.11820343e-01 -1.47845729e-01
-4.06595142e-01 1.00920029e-01 9.08017075e-01 2.74487134e+00 5.91670049e-02 9.94702164e-01 -8.40604635e-02 -9.31024938e-02 -9.11690421e-01 1.95460959e-02 -4.10412368e-01 -1.72524840e-01
-4.05224763e-01 1.00508838e-01 9.08675031e-01 2.79962288e+00 5.93846772e-02 9.94732616e-01 -8.35450022e-02 -9.90038278e-02 -9.12286196e-01 2.01068916e-02 -4.09059136e-01 -1.96902539e-01
-4.03605473e-01 1.00913889e-01 9.09350549e-01 2.85500442e+00 6.02469474e-02 9.94672608e-01 -8.36423916e-02 -1.04925307e-01 -9.12947256e-01 2.10270911e-02 -4.07535200e-01 -2.21620758e-01
-4.02449745e-01 1.00087136e-01 9.09953959e-01 2.91153928e+00 5.96901227e-02 9.94758701e-01 -8.30154620e-02 -1.11082486e-01 -9.13493919e-01 2.09057344e-02 -4.06314721e-01 -2.46556645e-01
-4.00852600e-01 1.00078509e-01 9.10659584e-01 2.96637699e+00 6.06807230e-02 9.94732734e-01 -8.26074999e-02 -1.16968454e-01 -9.14130673e-01 2.21460745e-02 -4.04814148e-01 -2.70751577e-01
-3.99303815e-01 9.94919492e-02 9.11403991e-01 3.02087386e+00 5.95116756e-02 9.94810314e-01 -8.25236134e-02 -1.22883389e-01 -9.14885099e-01 2.12872071e-02 -4.03152584e-01 -2.94488279e-01
-3.97747875e-01 9.75613767e-02 9.12292636e-01 3.07433898e+00 5.75141676e-02 9.95025791e-01 -8.13334694e-02 -1.28585111e-01 -9.15690320e-01 2.01195569e-02 -4.01380640e-01 -3.17439339e-01
-3.95020642e-01 9.52468682e-02 9.13721080e-01 3.12839716e+00 5.66921721e-02 9.95242247e-01 -7.92354537e-02 -1.34142483e-01 -9.16921333e-01 2.05012125e-02 -3.98541058e-01 -3.40577771e-01
-3.92683568e-01 9.37942807e-02 9.14877982e-01 3.18389745e+00 5.65157403e-02 9.95366404e-01 -7.77883551e-02 -1.39710631e-01 -9.17935544e-01 2.11588166e-02 -3.96164957e-01 -3.64297703e-01
-3.90133616e-01 9.34245183e-02 9.16006027e-01 3.23895039e+00 5.58606060e-02 9.95407840e-01 -7.77313372e-02 -1.45095815e-01 -9.19062270e-01 2.08430633e-02 -3.93560862e-01 -3.87484005e-01
-3.87560904e-01 9.39508138e-02 9.17043752e-01 3.29502392e+00 5.68070717e-02 9.95336055e-01 -7.79640172e-02 -1.50610928e-01 -9.20092176e-01 2.18787842e-02 -3.91090477e-01 -4.11204436e-01
-3.86022803e-01 9.48171775e-02 9.17603160e-01 3.35333711e+00 5.70188322e-02 9.95253821e-01 -7.88538877e-02 -1.56236294e-01 -9.20725479e-01 2.18812800e-02 -3.89597098e-01 -4.35715204e-01
-3.85854522e-01 9.70047108e-02 9.17445265e-01 3.41279038e+00 5.69928411e-02 9.95063244e-01 -8.12417522e-02 -1.62164320e-01 -9.20797605e-01 2.09403335e-02 -3.89478289e-01 -4.60826458e-01
-3.88272155e-01 1.00069475e-01 9.16095120e-01 3.47110741e+00 5.73778001e-02 9.94782768e-01 -8.43462321e-02 -1.68109162e-01 -9.19756817e-01 1.98142483e-02 -3.91988292e-01 -4.85570597e-01
-3.92943306e-01 1.01516638e-01 9.13941640e-01 3.52773889e+00 5.65919275e-02 9.94672958e-01 -8.61525697e-02 -1.74054942e-01 -9.17819650e-01 1.78686620e-02 -3.96595202e-01 -5.09584969e-01
-3.99666680e-01 1.00140305e-01 9.11173909e-01 3.58423764e+00 5.69436755e-02 9.94806984e-01 -8.43546676e-02 -1.79994115e-01 -9.14890185e-01 1.81718590e-02 -4.03293649e-01 -5.34075036e-01
-4.05666120e-01 9.75785413e-02 9.08797477e-01 3.64242456e+00 5.73627844e-02 9.95042653e-01 -8.12333447e-02 -1.85978959e-01 -9.12219584e-01 1.91775559e-02 -4.09252566e-01 -5.59847313e-01
-4.10964257e-01 9.61038651e-02 9.06571490e-01 3.70181959e+00 5.52925810e-02 9.95224557e-01 -8.04367201e-02 -1.92049164e-01 -9.09973186e-01 1.70700767e-02 -4.14315642e-01 -5.86298842e-01
-4.15978210e-01 1.00118502e-01 9.03846162e-01 3.75612319e+00 5.79432659e-02 9.94819004e-01 -8.35282005e-02 -1.97623018e-01 -9.07526809e-01 1.76259030e-02 -4.19624301e-01 -6.11392422e-01
-4.21794104e-01 1.02098827e-01 9.00924554e-01 3.80849372e+00 5.78495588e-02 9.94645215e-01 -8.56359207e-02 -2.03252249e-01 -9.04844375e-01 1.59973762e-02 -4.25441962e-01 -6.35744763e-01
-4.27677155e-01 1.03914401e-01 8.97938479e-01 3.85831510e+00 5.69676821e-02 9.94493672e-01 -8.79552910e-02 -2.08796339e-01 -9.02134724e-01 1.35370184e-02 -4.31242119e-01 -6.59274546e-01
-4.32152207e-01 1.04443610e-01 8.95731843e-01 3.91144241e+00 5.50528712e-02 9.94473032e-01 -8.93963310e-02 -2.14791042e-01 -9.00118767e-01 1.06797987e-02 -4.35513781e-01 -6.84460434e-01
-4.36391870e-01 1.03798994e-01 8.93749097e-01 3.96590354e+00 5.45838818e-02 9.94547537e-01 -8.88538761e-02 -2.20806416e-01 -8.98099604e-01 1.00091963e-02 -4.39678338e-01 -7.10720796e-01
-4.38294097e-01 9.65065237e-02 8.93635434e-01 4.02259430e+00 5.61202984e-02 9.95217220e-01 -7.99518071e-02 -2.26966042e-01 -8.97078018e-01 1.51086941e-02 -4.41613953e-01 -7.38472530e-01
-4.40239709e-01 8.69749640e-02 8.93657534e-01 4.07958124e+00 5.56916898e-02 9.96025552e-01 -6.95026827e-02 -2.32633592e-01 -8.96151521e-01 1.91714718e-02 -4.43333924e-01 -7.66183038e-01
-4.42262623e-01 8.56683262e-02 8.92784509e-01 4.13472021e+00 5.57644844e-02 9.96127894e-01 -6.79604850e-02 -2.37491430e-01 -8.95150398e-01 1.97292993e-02 -4.45327532e-01 -7.93275673e-01
-4.43702402e-01 9.05366578e-02 8.91588905e-01 4.18336295e+00 5.50387268e-02 9.95758265e-01 -7.37243578e-02 -2.41859101e-01 -8.94482594e-01 1.63602552e-02 -4.46803498e-01 -8.17467538e-01
-4.45158579e-01 9.72709441e-02 8.90152595e-01 4.23085947e+00 5.64405274e-02 9.95153346e-01 -8.05193683e-02 -2.46395578e-01 -8.93671374e-01 1.43968066e-02 -4.48491193e-01 -8.41414598e-01
-4.45664953e-01 1.00936296e-01 8.89490928e-01 4.28017805e+00 6.15070992e-02 9.94727095e-01 -8.20610013e-02 -2.51330070e-01 -8.93084496e-01 1.81383100e-02 -4.49523410e-01 -8.66510555e-01
-4.45961970e-01 1.02242096e-01 8.89192838e-01 4.32727606e+00 6.42026614e-02 9.94548860e-01 -8.21563282e-02 -2.56121515e-01 -8.92746410e-01 2.04499675e-02 -4.50095303e-01 -8.90324316e-01
-4.45963440e-01 9.92727134e-02 8.89528503e-01 4.37786517e+00 6.29140889e-02 9.94848284e-01 -7.94846984e-02 -2.61278024e-01 -8.92837410e-01 2.05166243e-02 -4.49911726e-01 -9.15469494e-01
-4.45510389e-01 9.48215179e-02 8.90240876e-01 4.43061675e+00 6.21328570e-02 9.95252096e-01 -7.49128466e-02 -2.66462363e-01 -8.93118287e-01 2.19387757e-02 -4.49286768e-01 -9.41676245e-01
-4.45301724e-01 8.84572898e-02 8.91000033e-01 4.48508777e+00 5.93777140e-02 9.95834409e-01 -6.91894630e-02 -2.71602532e-01 -8.93409674e-01 2.20953746e-02 -4.48699287e-01 -9.68429668e-01
-4.45568407e-01 8.39966297e-02 8.91298323e-01 4.53766710e+00 5.21307357e-02 9.96333258e-01 -6.78345495e-02 -2.76331101e-01 -8.93728910e-01 1.62391166e-02 -4.48313525e-01 -9.93796340e-01
-4.45488309e-01 7.94054153e-02 8.91759082e-01 4.58879103e+00 4.53919699e-02 9.96780801e-01 -6.60808465e-02 -2.80887960e-01 -8.94136384e-01 1.10404623e-02 -4.47658669e-01 -1.01842705e+00
-4.44131388e-01 8.02175937e-02 8.92363076e-01 4.63850785e+00 4.91553675e-02 9.96665017e-01 -6.51288946e-02 -2.85085553e-01 -8.94612373e-01 1.49386567e-02 -4.46593425e-01 -1.04364800e+00
-4.41836230e-01 8.30837314e-02 8.93239744e-01 4.68503433e+00 5.26079277e-02 9.96387757e-01 -6.66556987e-02 -2.89054135e-01 -8.95551964e-01 1.75406005e-02 -4.44611179e-01 -1.06710290e+00
-4.37114474e-01 8.62527683e-02 8.95260213e-01 4.73494729e+00 5.57522484e-02 9.96074855e-01 -6.87443609e-02 -2.93322578e-01 -8.97676342e-01 1.98636284e-02 -4.40207615e-01 -1.09188951e+00
-4.30123702e-01 8.83256099e-02 8.98438409e-01 4.78654845e+00 6.14533222e-02 9.95758075e-01 -6.84725868e-02 -2.97806904e-01 -9.00676008e-01 2.57603613e-02 -4.33727139e-01 -1.11722544e+00
-4.22425517e-01 9.11475703e-02 9.01802750e-01 4.83844677e+00 6.89001812e-02 9.95280915e-01 -6.83211926e-02 -3.02247085e-01 -9.03775217e-01 3.32737825e-02 -4.26712225e-01 -1.14249628e+00
-4.12425926e-01 9.04637023e-02 9.06488079e-01 4.88878119e+00 6.74615997e-02 9.95357593e-01 -6.86394218e-02 -3.06840316e-01 -9.08489973e-01 3.28444821e-02 -4.16614174e-01 -1.16549670e+00
-4.00717117e-01 8.77346170e-02 9.11991168e-01 4.94048955e+00 6.47665780e-02 9.95626495e-01 -6.73228319e-02 -3.11549548e-01 -9.13909886e-01 3.20891589e-02 -4.04646917e-01 -1.18827659e+00
-3.88607208e-01 8.36304746e-02 9.17600042e-01 4.99541288e+00 6.31571401e-02 9.95947433e-01 -6.40237923e-02 -3.16399434e-01 -9.19236543e-01 3.30729093e-02 -3.92314275e-01 -1.21139171e+00
-3.76763312e-01 8.26455736e-02 9.22615077e-01 5.05114733e+00 6.16777458e-02 9.96039380e-01 -6.40357333e-02 -3.21153176e-01 -9.24254055e-01 3.27785236e-02 -3.80368521e-01 -1.23425475e+00
-3.63752612e-01 8.18718277e-02 9.27890385e-01 5.10777014e+00 6.27798839e-02 9.96019339e-01 -6.32721058e-02 -3.25883875e-01 -9.29377796e-01 3.52374774e-02 -3.67444555e-01 -1.25673886e+00
-3.50019220e-01 8.30740562e-02 9.33051325e-01 5.16520230e+00 6.53150620e-02 9.95799562e-01 -6.41589398e-02 -3.30654390e-01 -9.34462871e-01 3.84854663e-02 -3.53974977e-01 -1.27915718e+00
-3.35560643e-01 8.62908378e-02 9.38057839e-01 5.21981309e+00 6.52342723e-02 9.95533369e-01 -6.82424401e-02 -3.35345384e-01 -9.39757380e-01 3.82940670e-02 -3.39690926e-01 -1.29959925e+00
-3.22911270e-01 9.44255817e-02 9.41706764e-01 5.26477639e+00 6.67737930e-02 9.94803558e-01 -7.68528964e-02 -3.39288997e-01 -9.44070939e-01 3.80646936e-02 -3.27538407e-01 -1.31611339e+00
-3.06826680e-01 9.83512140e-02 9.46669892e-01 5.31711492e+00 6.66923576e-02 9.94422931e-01 -8.16965956e-02 -3.44471644e-01 -9.49426088e-01 3.80689801e-02 -3.11674717e-01 -1.33414876e+00
-2.90237360e-01 9.48955697e-02 9.52237674e-01 5.37097436e+00 6.31321823e-02 9.94801680e-01 -7.98949152e-02 -3.50079613e-01 -9.54870167e-01 3.69283798e-02 -2.94719499e-01 -1.35104827e+00
-2.75125033e-01 9.02271373e-02 9.57164984e-01 5.42336163e+00 5.66007639e-02 9.95379393e-01 -7.75602265e-02 -3.55656208e-01 -9.59741131e-01 3.28375320e-02 -2.78960604e-01 -1.36631560e+00
-2.63470625e-01 9.08820208e-02 9.60376602e-01 5.47888238e+00 5.19548574e-02 9.95443869e-01 -7.99471383e-02 -3.61399954e-01 -9.63267574e-01 2.88325260e-02 -2.66991861e-01 -1.38199304e+00
-2.55805432e-01 9.55989217e-02 9.61989575e-01 5.52894936e+00 4.72859500e-02 9.95144338e-01 -8.63197647e-02 -3.66626427e-01 -9.65571377e-01 2.34075428e-02 -2.59083695e-01 -1.39548562e+00
-2.52140817e-01 1.00704533e-01 9.62436029e-01 5.57199779e+00 4.18587609e-02 9.94774054e-01 -9.31219790e-02 -3.71452362e-01 -9.66785036e-01 1.68065409e-02 -2.55038393e-01 -1.40673502e+00
-2.48909676e-01 1.02937880e-01 9.63040632e-01 5.62137972e+00 4.05546058e-02 9.94571241e-01 -9.58262895e-02 -3.77276363e-01 -9.67677470e-01 1.52036560e-02 -2.51732894e-01 -1.41944653e+00
-2.45334777e-01 1.02410490e-01 9.64013683e-01 5.67838458e+00 3.84412254e-02 9.94649810e-01 -9.58820272e-02 -3.83994663e-01 -9.68676160e-01 1.35346843e-02 -2.47958844e-01 -1.43388072e+00
-2.41003991e-01 1.02498512e-01 9.65096093e-01 5.73517977e+00 3.74692748e-02 9.94648378e-01 -9.62802726e-02 -3.90583442e-01 -9.69800706e-01 1.29575338e-02 -2.43554653e-01 -1.44810793e+00
-2.37100032e-01 9.83895186e-02 9.66489719e-01 5.78812715e+00 3.47315029e-02 9.95080380e-01 -9.27796814e-02 -3.96753546e-01 -9.70864332e-01 1.15695863e-02 -2.39350670e-01 -1.46068960e+00
-2.34461114e-01 9.48164959e-02 9.67490116e-01 5.83828115e+00 3.39873808e-02 9.95422790e-01 -8.93174544e-02 -4.02471936e-01 -9.71531328e-01 1.19409952e-02 -2.36610364e-01 -1.47271914e+00
-2.29480939e-01 9.20566962e-02 9.68949588e-01 5.89537998e+00 3.19825827e-02 9.95692397e-01 -8.70228276e-02 -4.08651695e-01 -9.72787689e-01 1.10194385e-02 -2.31436496e-01 -1.48571725e+00
-2.24469651e-01 9.10784264e-02 9.70215088e-01 5.95236880e+00 2.58993224e-02 9.95828214e-01 -8.74907277e-02 -4.14840000e-01 -9.74136967e-01 5.48890367e-03 -2.25891934e-01 -1.49839259e+00
-2.19215364e-01 9.16333497e-02 9.71363568e-01 6.00785239e+00 1.98426107e-02 9.95792360e-01 -8.94597656e-02 -4.20921535e-01 -9.75474800e-01 -3.36566937e-04 -2.20111086e-01 -1.51022250e+00
-2.12885982e-01 9.55781932e-02 9.72390659e-01 6.06311945e+00 2.08627615e-02 9.95421457e-01 -9.32744080e-02 -4.26809995e-01 -9.76854341e-01 4.29941408e-04 -2.13905155e-01 -1.52240032e+00
-2.06286320e-01 9.88579329e-02 9.73484641e-01 6.11706708e+00 2.29645836e-02 9.95098035e-01 -9.61864416e-02 -4.32717643e-01 -9.78222196e-01 2.51372583e-03 -2.07545196e-01 -1.53398420e+00
-2.01721545e-01 9.71547169e-02 9.74612034e-01 6.17180374e+00 2.22400331e-02 9.95265595e-01 -9.46103776e-02 -4.38776054e-01 -9.79190417e-01 2.59045550e-03 -2.02927078e-01 -1.54530737e+00
-1.97322294e-01 9.18390526e-02 9.76026967e-01 6.22804977e+00 2.08135670e-02 9.95769924e-01 -8.94888688e-02 -4.44838955e-01 -9.80117700e-01 2.65645529e-03 -1.98398953e-01 -1.55659397e+00
-1.90743195e-01 8.93562349e-02 9.77564114e-01 6.28805760e+00 2.10821047e-02 9.95991193e-01 -8.69269981e-02 -4.51038845e-01 -9.81413511e-01 4.02837775e-03 -1.91862208e-01 -1.56821549e+00
-1.84280291e-01 9.30606626e-02 9.78457736e-01 6.34260834e+00 2.07748626e-02 9.95653572e-01 -9.07834146e-02 -4.56715635e-01 -9.82654094e-01 3.59773407e-03 -1.85412488e-01 -1.57863950e+00
-1.79059639e-01 9.59403683e-02 9.79148661e-01 6.39642234e+00 2.09608173e-02 9.95379642e-01 -9.36975228e-02 -4.62554533e-01 -9.83614872e-01 3.74631569e-03 -1.80243134e-01 -1.58855023e+00
-1.73735466e-01 9.68852417e-02 9.80014463e-01 6.45057206e+00 1.80406567e-02 9.95294544e-01 -9.51975801e-02 -4.68578017e-01 -9.84627065e-01 1.14091085e-03 -1.74665659e-01 -1.59790278e+00
-1.68620073e-01 9.63829959e-02 9.80957034e-01 6.50625444e+00 1.79118787e-02 9.95342681e-01 -9.47174625e-02 -4.74749698e-01 -9.85518307e-01 1.59952046e-03 -1.69560979e-01 -1.60728662e+00
-1.62748255e-01 9.59521886e-02 9.81990484e-01 6.55858495e+00 1.78196636e-02 9.95383259e-01 -9.43074716e-02 -4.80607370e-01 -9.86506675e-01 2.15036628e-03 -1.63706540e-01 -1.61566822e+00
-1.57374443e-01 9.67799656e-02 9.82784813e-01 6.61124814e+00 1.80667777e-02 9.95301527e-01 -9.51194506e-02 -4.86418967e-01 -9.87373699e-01 2.78638765e-03 -1.58383335e-01 -1.62389328e+00
-1.52233007e-01 9.73596995e-02 9.83537129e-01 6.66381423e+00 1.90537940e-02 9.95240035e-01 -9.55689533e-02 -4.92189704e-01 -9.88160915e-01 4.19136937e-03 -1.53363265e-01 -1.63194468e+00
-1.47761124e-01 9.67511046e-02 9.84278911e-01 6.71878550e+00 1.36222187e-02 9.95307951e-01 -9.57901923e-02 -4.98318353e-01 -9.88929275e-01 -7.46003028e-04 -1.48385583e-01 -1.63933665e+00
-1.43984358e-01 9.56044673e-02 9.84950496e-01 6.77515975e+00 9.86915415e-03 9.95411053e-01 -9.51770733e-02 -5.04490568e-01 -9.89530771e-01 -3.98338343e-03 -1.44266955e-01 -1.64683692e+00
-1.40866709e-01 9.58189934e-02 9.85380354e-01 6.83082474e+00 1.19585391e-02 9.95397055e-01 -9.50834394e-02 -5.10462575e-01 -9.89956324e-01 -1.61038182e-03 -1.41363968e-01 -1.65461952e+00
-1.37866829e-01 9.62361894e-02 9.85763950e-01 6.88750845e+00 1.27040229e-02 9.95357938e-01 -9.53960264e-02 -5.16557306e-01 -9.90369302e-01 -6.28779085e-04 -1.38449230e-01 -1.66231738e+00
-1.34282597e-01 9.74322979e-02 9.86141155e-01 6.94324189e+00 1.26225812e-02 9.95241674e-01 -9.66125935e-02 -5.22621255e-01 -9.90862694e-01 -5.25742041e-04 -1.34873276e-01 -1.66971757e+00
-1.28953622e-01 9.64466493e-02 9.86949000e-01 6.99785278e+00 1.74039888e-02 9.95325637e-01 -9.49912132e-02 -5.28370374e-01 -9.91497937e-01 4.92739310e-03 -1.30029188e-01 -1.67700076e+00
-1.22989472e-01 9.49292091e-02 9.87856977e-01 7.05533123e+00 2.41931797e-02 9.95405149e-01 -9.26424502e-02 -5.34288710e-01 -9.92113131e-01 1.25053639e-02 -1.24720772e-01 -1.68463798e+00
-1.18228124e-01 9.45454297e-02 9.88474880e-01 7.11250088e+00 2.55023678e-02 9.95417351e-01 -9.21591738e-02 -5.40105112e-01 -9.92659013e-01 1.43126543e-02 -1.20097229e-01 -1.69143743e+00
-1.13981890e-01 9.65809048e-02 9.88776789e-01 7.16828750e+00 2.38552468e-02 9.95242278e-01 -9.44624633e-02 -5.45945275e-01 -9.93196446e-01 1.28205152e-02 -1.15743324e-01 -1.69759134e+00
-1.10341556e-01 9.87379663e-02 9.88976676e-01 7.22606337e+00 2.28112497e-02 9.95042290e-01 -9.67984218e-02 -5.52118766e-01 -9.93631985e-01 1.18789164e-02 -1.12046615e-01 -1.70390811e+00
-1.08053393e-01 9.90522516e-02 9.89197922e-01 7.28418298e+00 2.16320557e-02 9.95022448e-01 -9.72724993e-02 -5.58510709e-01 -9.93909826e-01 1.08877709e-02 -1.09658012e-01 -1.71006484e+00
-1.06447905e-01 9.88522577e-02 9.89391929e-01 7.34149227e+00 2.17327872e-02 9.95039225e-01 -9.70782245e-02 -5.64795277e-01 -9.94080861e-01 1.11684812e-02 -1.08067925e-01 -1.71612604e+00
-1.04328783e-01 9.48223178e-02 9.90011905e-01 7.40094075e+00 2.37681888e-02 9.95397738e-01 -9.28333867e-02 -5.71241392e-01 -9.94258942e-01 1.38456066e-02 -1.06102133e-01 -1.72255755e+00
-1.02640146e-01 9.06344829e-02 9.90580513e-01 7.45945739e+00 2.36988133e-02 9.95780289e-01 -8.86546050e-02 -5.77362570e-01 -9.94436325e-01 1.43760711e-02 -1.04354708e-01 -1.72856765e+00
-1.01445380e-01 8.95797389e-02 9.90799512e-01 7.51798800e+00 2.48252608e-02 9.95855432e-01 -8.74949963e-02 -5.83253061e-01 -9.94531455e-01 1.57209038e-02 -1.03248511e-01 -1.73474972e+00
-1.00207823e-01 9.41566426e-02 9.90501037e-01 7.57201948e+00 2.55724183e-02 9.95426924e-01 -9.20377084e-02 -5.88723303e-01 -9.94638005e-01 1.61066199e-02 -1.02157118e-01 -1.74033091e+00
-9.95331430e-02 9.76755153e-02 9.90228243e-01 7.62564009e+00 2.61233045e-02 9.95083646e-01 -9.55285993e-02 -5.94373967e-01 -9.94691408e-01 1.63597854e-02 -1.01595151e-01 -1.74574964e+00
-9.89567256e-02 9.75646382e-02 9.90296959e-01 7.68145337e+00 2.36745382e-02 9.95130857e-01 -9.56751109e-02 -6.00456265e-01 -9.94810257e-01 1.39771385e-02 -1.00784425e-01 -1.75106404e+00
-9.86519206e-02 9.73946252e-02 9.90344128e-01 7.73851911e+00 2.23520387e-02 9.95164622e-01 -9.56420692e-02 -6.06709623e-01 -9.94871153e-01 1.27009459e-02 -1.00351604e-01 -1.75663023e+00
-9.75715732e-02 9.84222104e-02 9.90349573e-01 7.79521227e+00 2.56688988e-02 9.95015600e-01 -9.63569194e-02 -6.12826021e-01 -9.94897639e-01 1.60194983e-02 -9.96113647e-02 -1.76264194e+00
-9.64440104e-02 1.01379613e-01 9.90161677e-01 7.85122710e+00 2.43705636e-02 9.94741432e-01 -9.94747187e-02 -6.18932822e-01 -9.95040224e-01 1.45370694e-02 -9.84072644e-02 -1.76802846e+00
-9.61801581e-02 1.04058536e-01 9.89909404e-01 7.90426678e+00 1.95845015e-02 9.94525483e-01 -1.02640884e-01 -6.24977499e-01 -9.95171471e-01 9.51487517e-03 -9.76912861e-02 -1.77278220e+00
-9.45497827e-02 1.06890475e-01 9.89764728e-01 7.95609351e+00 1.79490274e-02 9.94240261e-01 -1.05659131e-01 -6.31115327e-01 -9.95358528e-01 7.77527583e-03 -9.59235103e-02 -1.77756489e+00
-9.37358968e-02 1.10557650e-01 9.89439274e-01 8.00475724e+00 1.70863883e-02 9.93847353e-01 -1.09431441e-01 -6.37135575e-01 -9.95450692e-01 6.64829932e-03 -9.50479325e-02 -1.78186280e+00
-9.35495636e-02 1.12361440e-01 9.89253686e-01 8.05081161e+00 1.61905019e-02 9.93651441e-01 -1.11329832e-01 -6.43056527e-01 -9.95483192e-01 5.60166619e-03 -9.47745792e-02 -1.78588219e+00
-9.19047763e-02 1.13931903e-01 9.89228225e-01 8.09867723e+00 1.40308640e-02 9.93482248e-01 -1.13118264e-01 -6.49193703e-01 -9.95669158e-01 3.48362684e-03 -9.29040607e-02 -1.78992184e+00
-9.02241021e-02 1.12825701e-01 9.89509697e-01 8.13829576e+00 1.53182096e-02 9.93601679e-01 -1.11895518e-01 -6.54340677e-01 -9.95803906e-01 5.06185364e-03 -9.13748411e-02 -1.79344531e+00
-8.93900790e-02 1.09541292e-01 9.89954357e-01 8.17851776e+00 1.58731540e-02 9.93963844e-01 -1.08551623e-01 -6.59550932e-01 -9.95870402e-01 6.01026860e-03 -9.05890110e-02 -1.79682671e+00
-9.15856241e-02 1.05611571e-01 9.90180668e-01 8.20987723e+00 1.69697274e-02 9.94380888e-01 -1.04489942e-01 -6.63529066e-01 -9.95652807e-01 7.23332770e-03 -9.28629355e-02 -1.79965373e+00
-8.94159505e-02 1.05611021e-01 9.90378993e-01 8.25325021e+00 1.72552472e-02 9.94377064e-01 -1.04479455e-01 -6.68870889e-01 -9.95845066e-01 7.74711338e-03 -9.07352569e-02 -1.80341822e+00
-8.64236236e-02 1.10690562e-01 9.90089864e-01 8.29165826e+00 1.83106594e-02 9.93816860e-01 -1.09508891e-01 -6.73546489e-01 -9.96090374e-01 8.66505452e-03 -8.79158089e-02 -1.80679506e+00
-8.16119817e-02 1.13998458e-01 9.90122801e-01 8.33491974e+00 1.80769983e-02 9.93442679e-01 -1.12890640e-01 -6.79135325e-01 -9.96500401e-01 8.68523215e-03 -8.31373068e-02 -1.81037363e+00
-7.50251954e-02 1.14605958e-01 9.90573593e-01 8.37617930e+00 1.66986944e-02 9.93378431e-01 -1.13665688e-01 -6.84664556e-01 -9.97041961e-01 8.01350799e-03 -7.64419087e-02 -1.81344908e+00
-6.63733553e-02 1.10768967e-01 9.91627052e-01 8.41894787e+00 1.49240440e-02 9.93817607e-01 -1.10014713e-01 -6.90528217e-01 -9.97683401e-01 7.49705070e-03 -6.76158533e-02 -1.81651637e+00
-5.45060693e-02 1.10305031e-01 9.92401792e-01 8.46509553e+00 1.56845936e-02 9.93851226e-01 -1.09604657e-01 -6.96495964e-01 -9.98390436e-01 9.59131142e-03 -5.59007249e-02 -1.81934624e+00
-4.09035055e-02 1.13232330e-01 9.92725936e-01 8.50652156e+00 1.56477704e-02 9.93508208e-01 -1.12676791e-01 -7.01860285e-01 -9.99040769e-01 1.09250853e-02 -4.24095012e-02 -1.82161156e+00
-2.58206872e-02 1.14605213e-01 9.93075208e-01 8.55136583e+00 1.30732023e-02 9.93360221e-01 -1.14298159e-01 -7.07818215e-01 -9.99581280e-01 1.00314298e-02 -2.71471883e-02 -1.82316573e+00
-1.09436175e-02 1.15234583e-01 9.93277761e-01 8.59938389e+00 1.31882560e-02 9.93267504e-01 -1.15088059e-01 -7.14078205e-01 -9.99853352e-01 1.18401362e-02 -1.23893598e-02 -1.82427842e+00
3.28057979e-03 1.17362712e-01 9.93083435e-01 8.64576784e+00 1.36790542e-02 9.92990643e-01 -1.17396898e-01 -7.20259930e-01 -9.99901243e-01 1.39695895e-02 1.65250682e-03 -1.82494322e+00
1.63168544e-02 1.23519293e-01 9.92207770e-01 8.68722559e+00 1.23979268e-02 9.92238641e-01 -1.23726986e-01 -7.25888172e-01 -9.99790219e-01 1.43201738e-02 1.46591723e-02 -1.82478484e+00
2.49461771e-02 1.32289541e-01 9.90896940e-01 8.72086262e+00 1.02748124e-02 9.91119163e-01 -1.32577847e-01 -7.30500909e-01 -9.99636223e-01 1.34886120e-02 2.33657311e-02 -1.82398202e+00
3.60696366e-02 1.40287840e-01 9.89453311e-01 8.75169118e+00 7.16533542e-03 9.90035934e-01 -1.40631601e-01 -7.35045902e-01 -9.99323827e-01 1.21623195e-02 3.47053791e-02 -1.82279485e+00
4.97764215e-02 1.41371406e-01 9.88704206e-01 8.79484739e+00 3.75757889e-03 9.89897899e-01 -1.41731221e-01 -7.41834547e-01 -9.98753538e-01 1.07700303e-02 4.87427218e-02 -1.82027298e+00
6.16630875e-02 1.37989004e-01 9.88512156e-01 8.84103065e+00 -1.17193725e-03 9.90406222e-01 -1.38180265e-01 -7.49236336e-01 -9.98096507e-01 7.36216746e-03 6.12335925e-02 -1.81699199e+00
7.33532503e-02 1.36307217e-01 9.87946978e-01 8.88573625e+00 -4.11422038e-03 9.90648625e-01 -1.36374463e-01 -7.56315984e-01 -9.97297683e-01 5.93889696e-03 7.32284768e-02 -1.81373042e+00
8.10662398e-02 1.43419648e-01 9.86335934e-01 8.92150203e+00 -6.92142917e-03 9.89650127e-01 -1.43332660e-01 -7.61639287e-01 -9.96684810e-01 4.79260572e-03 8.12202715e-02 -1.81060424e+00
8.61969806e-02 1.51555748e-01 9.84682892e-01 8.95520296e+00 -9.07341446e-03 9.88439902e-01 -1.51339710e-01 -7.66747935e-01 -9.96236899e-01 4.11061281e-03 8.65760565e-02 -1.80763613e+00
8.94407222e-02 1.54475394e-01 9.83939607e-01 8.99860222e+00 -1.07766094e-02 9.87991283e-01 -1.54131855e-01 -7.73903859e-01 -9.95933924e-01 3.18215504e-03 9.00317682e-02 -1.80327720e+00
8.98457370e-02 1.50270259e-01 9.84553727e-01 9.05134767e+00 -1.07573424e-02 9.88640561e-01 -1.49912316e-01 -7.82627888e-01 -9.95897653e-01 2.87782285e-03 9.04420427e-02 -1.79823805e+00
8.95860101e-02 1.46685642e-01 9.85117815e-01 9.10183521e+00 -8.72427205e-03 9.89172579e-01 -1.46495979e-01 -7.90724065e-01 -9.95940980e-01 4.52957578e-03 8.98961399e-02 -1.79363418e+00
8.80096894e-02 1.44522269e-01 9.85579599e-01 9.15468758e+00 -4.98618675e-03 9.89470491e-01 -1.44647527e-01 -7.99002692e-01 -9.96107283e-01 7.81612202e-03 8.78039929e-02 -1.78909317e+00
8.53616692e-02 1.45075708e-01 9.85731214e-01 9.20598727e+00 -1.71308694e-03 9.89362218e-01 -1.45461724e-01 -8.07105897e-01 -9.96348694e-01 1.07282361e-02 8.47025260e-02 -1.78479261e+00
8.09676191e-02 1.45600089e-01 9.86024585e-01 9.25398253e+00 -1.52196040e-04 9.89274448e-01 -1.46067449e-01 -8.14886683e-01 -9.96716885e-01 1.16766886e-02 8.01217407e-02 -1.78077874e+00
7.68601644e-02 1.45047611e-01 9.86434689e-01 9.30756496e+00 -9.38294816e-04 9.89371426e-01 -1.45406302e-01 -8.23513387e-01 -9.97041631e-01 1.02504084e-02 7.61797293e-02 -1.77627380e+00
7.10867974e-02 1.46017923e-01 9.86724440e-01 9.35955761e+00 -2.16337769e-03 9.89247288e-01 -1.46235384e-01 -8.31819901e-01 -9.97467936e-01 8.26076971e-03 7.06386963e-02 -1.77209909e+00
6.55180689e-02 1.45025113e-01 9.87256165e-01 9.40760099e+00 -2.56054070e-03 9.89403154e-01 -1.45170548e-01 -8.39488577e-01 -9.97848209e-01 6.98340607e-03 6.51955088e-02 -1.76858700e+00
